Total iteration: 89270
Time elapsed: 68.6107s
num_cores = 2
num_threads = 2
Solution:
       0        0        0        0        0        0        0        0        0        0        0        0        0        0        0        0        0        0        0        0        0        0        0        0        0        0        0        0        0        0        0        0        0        0        0        0        0        0        0        0        0        0        0        0        0        0        0        0        0        0        0        0        0        0        0        0        0        0        0        0        0        0        0        0        0        0        0        0        0        0        0        0        0        0        0        0        0        0        0        0        0 
       0 4.621e-06 9.247e-06 1.388e-05 1.854e-05 2.321e-05 2.79e-05 3.263e-05 3.738e-05 4.216e-05 4.696e-05 5.179e-05 5.663e-05 6.147e-05 6.628e-05 7.105e-05 7.575e-05 8.035e-05 8.481e-05 8.91e-05 9.32e-05 9.706e-05 0.0001007 0.000104 0.000107 0.0001098 0.0001122 0.0001143 0.0001161 0.0001176 0.0001188 0.0001197 0.0001204 0.0001207 0.0001208 0.0001207 0.0001203 0.0001197 0.0001189 0.0001179 0.0001167 0.0001153 0.0001138 0.0001121 0.0001103 0.0001083 0.0001062 0.000104 0.0001017 9.926e-05 9.674e-05 9.413e-05 9.145e-05 8.868e-05 8.585e-05 8.295e-05    8e-05 7.699e-05 7.392e-05 7.082e-05 6.767e-05 6.448e-05 6.126e-05  5.8e-05 5.472e-05 5.141e-05 4.807e-05 4.472e-05 4.134e-05 3.795e-05 3.455e-05 3.113e-05 2.77e-05 2.426e-05 2.081e-05 1.735e-05 1.389e-05 1.042e-05 6.948e-06 3.474e-06        0 
       0 9.234e-06 1.848e-05 2.775e-05 3.704e-05 4.638e-05 5.577e-05 6.521e-05 7.471e-05 8.428e-05 9.39e-05 0.0001036 0.0001133 0.000123 0.0001326 0.0001422 0.0001517 0.0001609 0.0001699 0.0001785 0.0001867 0.0001945 0.0002017 0.0002084 0.0002145  0.00022 0.0002249 0.0002291 0.0002327 0.0002357 0.0002381 0.0002399 0.0002411 0.0002418 0.000242 0.0002417 0.0002409 0.0002397 0.0002381 0.0002361 0.0002337 0.0002309 0.0002278 0.0002244 0.0002207 0.0002168 0.0002126 0.0002082 0.0002035 0.0001987 0.0001936 0.0001884 0.000183 0.0001775 0.0001718 0.000166 0.0001601 0.000154 0.0001479 0.0001417 0.0001354 0.000129 0.0001226 0.000116 0.0001095 0.0001028 9.618e-05 8.947e-05 8.271e-05 7.593e-05 6.912e-05 6.227e-05 5.541e-05 4.853e-05 4.162e-05 3.471e-05 2.778e-05 2.084e-05 1.39e-05 6.951e-06        0 
       0 1.383e-05 2.768e-05 4.156e-05 5.549e-05 6.948e-05 8.355e-05 9.771e-05 0.000112 0.0001263 0.0001408 0.0001553 0.0001699 0.0001845 0.0001991 0.0002136 0.0002278 0.0002418 0.0002554 0.0002685 0.0002809 0.0002927 0.0003036 0.0003137 0.0003229 0.0003311 0.0003384 0.0003448 0.0003501 0.0003546 0.0003582 0.0003608 0.0003627 0.0003637 0.0003639 0.0003634 0.0003622 0.0003603 0.0003578 0.0003548 0.0003511 0.0003469 0.0003423 0.0003372 0.0003316 0.0003257 0.0003193 0.0003126 0.0003056 0.0002983 0.0002907 0.0002829 0.0002748 0.0002665 0.0002579 0.0002492 0.0002403 0.0002312 0.000222 0.0002127 0.0002032 0.0001936 0.000184 0.0001742 0.0001643 0.0001544 0.0001443 0.0001343 0.0001241 0.0001139 0.0001037 9.345e-05 8.315e-05 7.282e-05 6.246e-05 5.208e-05 4.169e-05 3.128e-05 2.086e-05 1.043e-05        0 
       0 1.841e-05 3.684e-05 5.531e-05 7.385e-05 9.247e-05 0.0001112 0.0001301 0.0001491 0.0001682 0.0001875 0.000207 0.0002265 0.0002461 0.0002657 0.0002852 0.0003045 0.0003233 0.0003417 0.0003593 0.0003761 0.000392 0.0004067 0.0004203 0.0004326 0.0004436 0.0004533 0.0004618 0.0004689 0.0004748 0.0004795 0.000483 0.0004854 0.0004866 0.0004869 0.0004861 0.0004844 0.0004819 0.0004784 0.0004743 0.0004693 0.0004637 0.0004574 0.0004505 0.0004431 0.0004351 0.0004266 0.0004176 0.0004082 0.0003984 0.0003882 0.0003777 0.0003669 0.0003557 0.0003443 0.0003327 0.0003208 0.0003087 0.0002964 0.0002839 0.0002712 0.0002584 0.0002455 0.0002324 0.0002192 0.000206 0.0001926 0.0001792 0.0001656 0.000152 0.0001384 0.0001247 0.0001109 9.715e-05 8.333e-05 6.948e-05 5.561e-05 4.173e-05 2.782e-05 1.391e-05        0 
       0 2.295e-05 4.593e-05 6.896e-05 9.208e-05 0.0001153 0.0001387 0.0001622 0.000186 0.0002099 0.0002341 0.0002584 0.000283 0.0003077 0.0003325 0.0003572 0.0003816 0.0004056 0.000429 0.0004514 0.0004728 0.0004929 0.0005115 0.0005286 0.0005441 0.000558 0.0005702 0.0005807 0.0005896 0.0005968 0.0006026 0.0006068 0.0006096 0.0006111 0.0006112 0.0006102 0.0006079 0.0006046 0.0006002 0.0005948 0.0005885 0.0005814 0.0005734 0.0005647 0.0005553 0.0005452 0.0005345 0.0005232 0.0005114 0.000499 0.0004862 0.000473 0.0004594 0.0004454 0.0004311 0.0004165 0.0004016 0.0003864 0.0003709 0.0003553 0.0003394 0.0003234 0.0003072 0.0002908 0.0002743 0.0002577 0.000241 0.0002241 0.0002072 0.0001902 0.0001731 0.000156 0.0001388 0.0001215 0.0001042 8.692e-05 6.957e-05 5.219e-05 3.481e-05 1.741e-05        0 
       0 2.746e-05 5.495e-05 8.25e-05 0.0001102 0.0001379 0.0001659 0.0001941 0.0002225 0.0002513 0.0002803 0.0003097 0.0003393 0.0003693 0.0003994 0.0004295 0.0004594 0.0004889 0.0005175 0.0005451 0.0005713 0.0005958 0.0006185 0.0006393 0.0006581 0.0006748 0.0006894 0.0007019 0.0007125 0.0007211 0.0007278 0.0007327 0.0007359 0.0007374 0.0007374 0.0007359 0.000733 0.0007288 0.0007234 0.0007167 0.000709 0.0007003 0.0006905 0.0006799 0.0006684 0.0006562 0.0006432 0.0006295 0.0006152 0.0006003 0.0005849 0.0005689 0.0005525 0.0005356 0.0005183 0.0005007 0.0004827 0.0004644 0.0004458 0.000427 0.0004079 0.0003886 0.0003691 0.0003495 0.0003296 0.0003096 0.0002895 0.0002693 0.0002489 0.0002285 0.000208 0.0001874 0.0001667 0.000146 0.0001252 0.0001044 8.355e-05 6.269e-05 4.18e-05 2.09e-05        0 
       0 3.191e-05 6.386e-05 9.589e-05 0.000128 0.0001603 0.0001928 0.0002256 0.0002587 0.0002922 0.0003261 0.0003604 0.0003953 0.0004306 0.0004663 0.0005021 0.0005379 0.0005733 0.0006077 0.0006408 0.0006721 0.0007014 0.0007284 0.0007529 0.000775 0.0007945 0.0008115 0.0008261 0.0008382 0.000848 0.0008556 0.0008611 0.0008645 0.000866 0.0008657 0.0008637  0.00086 0.0008548 0.0008482 0.0008402 0.000831 0.0008205 0.000809 0.0007963 0.0007828 0.0007683 0.0007529 0.0007368 0.0007199 0.0007024 0.0006842 0.0006655 0.0006462 0.0006264 0.0006061 0.0005854 0.0005643 0.0005429 0.0005211 0.0004991 0.0004767 0.0004541 0.0004313 0.0004083 0.0003851 0.0003617 0.0003382 0.0003145 0.0002908 0.0002669 0.0002429 0.0002188 0.0001947 0.0001705 0.0001462 0.0001219 9.758e-05 7.321e-05 4.882e-05 2.441e-05        0 
       0 3.632e-05 7.268e-05 0.0001091 0.0001457 0.0001824 0.0002194 0.0002567 0.0002943 0.0003325 0.0003711 0.0004105 0.0004505 0.0004914 0.0005329 0.0005749 0.0006171 0.0006589 0.0006998 0.0007389 0.0007759 0.0008102 0.0008417 0.0008702 0.0008956 0.0009179 0.0009372 0.0009537 0.0009673 0.0009782 0.0009865 0.0009923 0.0009959 0.0009972 0.0009965 0.0009938 0.0009892 0.0009829 0.000975 0.0009655 0.0009546 0.0009424 0.0009289 0.0009142 0.0008984 0.0008816 0.0008638 0.0008451 0.0008257 0.0008054 0.0007844 0.0007628 0.0007406 0.0007178 0.0006945 0.0006707 0.0006465 0.0006218 0.0005969 0.0005715 0.0005459  0.00052 0.0004938 0.0004674 0.0004408 0.0004141 0.0003871  0.00036 0.0003328 0.0003054 0.000278 0.0002504 0.0002228 0.0001951 0.0001673 0.0001395 0.0001116 8.376e-05 5.585e-05 2.793e-05        0 
       0 4.067e-05 8.137e-05 0.0001222 0.0001631 0.0002042 0.0002455 0.0002872 0.0003293 0.0003719 0.0004153 0.0004595 0.0005047 0.0005511 0.0005987 0.0006474 0.0006968 0.0007461 0.0007942 0.0008403 0.0008834 0.0009232 0.0009594 0.0009918 0.001021 0.001046 0.001067 0.001085   0.0011 0.001112 0.001121 0.001127  0.00113 0.001131  0.00113 0.001127 0.001121 0.001113 0.001104 0.001093  0.00108 0.001066 0.001051 0.001034 0.001016 0.0009963 0.000976 0.0009547 0.0009325 0.0009094 0.0008856 0.000861 0.0008358  0.00081 0.0007835 0.0007566 0.0007292 0.0007013 0.0006731 0.0006444 0.0006155 0.0005862 0.0005567 0.0005269 0.0004969 0.0004666 0.0004362 0.0004057 0.0003749 0.0003441 0.0003132 0.0002821 0.000251 0.0002197 0.0001885 0.0001571 0.0001258 9.435e-05 6.291e-05 3.146e-05        0 
       0 4.496e-05 8.996e-05 0.000135 0.0001802 0.0002256 0.0002711 0.0003171 0.0003634 0.0004104 0.0004582 0.0005071 0.0005573 0.0006092 0.000663 0.000719 0.0007766 0.0008349 0.0008918 0.0009458 0.0009958 0.001041 0.001082 0.001119 0.001151 0.001178 0.001202 0.001222 0.001238  0.00125 0.001259 0.001265 0.001269 0.001269 0.001267 0.001262 0.001255 0.001246 0.001236 0.001223 0.001208 0.001192 0.001174 0.001155 0.001134 0.001112  0.00109 0.001066 0.001041 0.001015 0.0009878 0.0009602 0.0009319 0.000903 0.0008734 0.0008432 0.0008125 0.0007814 0.0007498 0.0007178 0.0006855 0.0006528 0.0006199 0.0005866 0.0005532 0.0005195 0.0004856 0.0004515 0.0004173 0.000383 0.0003485 0.0003139 0.0002793 0.0002445 0.0002097 0.0001748 0.0001399 0.000105 6.999e-05  3.5e-05        0 
       0 4.921e-05 9.844e-05 0.0001477 0.0001971 0.0002466 0.0002963 0.0003463 0.0003967 0.0004478 0.0004996 0.0005527 0.0006074 0.0006644 0.0007244 0.000788 0.0008556 0.0009255 0.0009935 0.001057 0.001115 0.001166 0.001212 0.001252 0.001287 0.001317 0.001342 0.001363  0.00138 0.001393 0.001402 0.001408 0.001411  0.00141 0.001407 0.001401 0.001393 0.001382  0.00137 0.001355 0.001338  0.00132   0.0013 0.001278 0.001255  0.00123 0.001205 0.001178  0.00115 0.001121 0.001091  0.00106 0.001029 0.0009969 0.000964 0.0009306 0.0008966 0.0008621 0.0008271 0.0007917 0.000756 0.0007199 0.0006834 0.0006467 0.0006098 0.0005726 0.0005352 0.0004976 0.0004599 0.000422 0.000384 0.0003459 0.0003077 0.0002694 0.000231 0.0001926 0.0001541 0.0001156 7.71e-05 3.856e-05        0 
       0 5.342e-05 0.0001068 0.0001603 0.0002138 0.0002674 0.0003211 0.000375 0.0004292 0.0004839 0.0005393 0.0005959 0.0006542 0.0007152 0.0007803 0.0008516 0.0009311 0.001019 0.001102 0.001176 0.001242   0.0013  0.00135 0.001393 0.001431 0.001463 0.001489 0.001511 0.001528 0.001541  0.00155 0.001555 0.001557 0.001556 0.001551 0.001544 0.001534 0.001522 0.001507  0.00149 0.001471  0.00145 0.001427 0.001403 0.001377  0.00135 0.001321 0.001292 0.001261 0.001229 0.001196 0.001162 0.001127 0.001092 0.001056 0.001019 0.0009814 0.0009435 0.0009051 0.0008662 0.000827 0.0007874 0.0007474 0.0007072 0.0006667 0.000626 0.0005851 0.0005439 0.0005026 0.0004612 0.0004196 0.000378 0.0003362 0.0002943 0.0002524 0.0002104 0.0001684 0.0001263 8.424e-05 4.212e-05        0 
       0 5.761e-05 0.0001152 0.0001728 0.0002304 0.0002879 0.0003455 0.0004031 0.0004609 0.0005189 0.0005773 0.0006366 0.0006972 0.0007602 0.0008275 0.0009031 0.0009947  0.00112 0.001222 0.001308 0.001381 0.001444 0.001497 0.001543 0.001583 0.001616 0.001643 0.001665 0.001682 0.001695 0.001703 0.001708 0.001708 0.001705 0.001699  0.00169 0.001679 0.001664 0.001647 0.001628 0.001606 0.001583 0.001558 0.001531 0.001502 0.001472  0.00144 0.001407 0.001373 0.001338 0.001302 0.001264 0.001226 0.001188 0.001148 0.001108 0.001067 0.001026 0.0009836 0.0009413 0.0008985 0.0008554 0.0008119 0.0007681 0.000724 0.0006797 0.0006352 0.0005905 0.0005456 0.0005006 0.0004555 0.0004102 0.0003649 0.0003194 0.0002739 0.0002283 0.0001827 0.0001371 9.14e-05 4.57e-05        0 
       0 6.182e-05 0.0001236 0.0001853 0.000247 0.0003085 0.0003699 0.0004312 0.0004923 0.0005533 0.0006143 0.0006753 0.0007366 0.0007988 0.0008629 0.0009317 0.001013 0.001252 0.001368 0.001459 0.001535   0.0016 0.001656 0.001703 0.001743 0.001777 0.001804 0.001826 0.001843 0.001855 0.001862 0.001865 0.001864  0.00186 0.001852 0.001841 0.001827  0.00181 0.001791 0.001769 0.001745 0.001719  0.00169  0.00166 0.001629 0.001595 0.001561 0.001524 0.001487 0.001448 0.001409 0.001368 0.001327 0.001285 0.001241 0.001198 0.001153 0.001108 0.001063 0.001017 0.0009706 0.0009238 0.0008767 0.0008293 0.0007817 0.0007338 0.0006856 0.0006373 0.0005888 0.0005402 0.0004915 0.0004426 0.0003936 0.0003446 0.0002955 0.0002463 0.0001971 0.0001479 9.858e-05 4.93e-05        0 
       0 6.606e-05 0.0001321 0.000198 0.0002637 0.0003293 0.0003945 0.0004594 0.0005238 0.0005878 0.0006511 0.0007136 0.0007749 0.0008347 0.0008916 0.0009426 0.0009787 0.001463 0.001547 0.001632 0.001706  0.00177 0.001826 0.001873 0.001913 0.001947 0.001974 0.001995 0.002011 0.002021 0.002027 0.002028 0.002026 0.002019 0.002009 0.001996 0.001979  0.00196 0.001938 0.001913 0.001886 0.001857 0.001826 0.001793 0.001758 0.001721 0.001683 0.001643 0.001603 0.001561 0.001518 0.001473 0.001428 0.001383 0.001336 0.001289 0.001241 0.001192 0.001143 0.001093 0.001043 0.0009928 0.000942 0.000891 0.0008397 0.0007881 0.0007363 0.0006844 0.0006323  0.00058 0.0005276 0.0004751 0.0004225 0.0003699 0.0003171 0.0002644 0.0002115 0.0001587 0.0001058 5.29e-05        0 
       0 7.039e-05 0.0001407 0.0002109 0.0002808 0.0003504 0.0004196 0.0004882 0.0005562 0.0006232 0.0006891 0.0007534 0.0008156 0.0008746 0.0009288 0.0009752 0.001009 0.003345 0.001757  0.00182  0.00189 0.001953 0.002007 0.002054 0.002094 0.002126 0.002152 0.002172 0.002186 0.002194 0.002198 0.002198 0.002193 0.002184 0.002171 0.002155 0.002136 0.002114 0.002089 0.002061 0.002031 0.001998 0.001964 0.001927 0.001889 0.001849 0.001807 0.001764  0.00172 0.001674 0.001628  0.00158 0.001531 0.001482 0.001431  0.00138 0.001329 0.001276 0.001223  0.00117 0.001116 0.001062 0.001008 0.0009531 0.000898 0.0008428 0.0007873 0.0007317 0.0006759  0.00062 0.0005639 0.0005078 0.0004515 0.0003952 0.0003389 0.0002825 0.000226 0.0001695 0.000113 5.652e-05        0 
       0 7.482e-05 0.0001495 0.0002241 0.0002983 0.0003722 0.0004455 0.0005181 0.0005898 0.0006603 0.0007293 0.0007964 0.0008607 0.0009215 0.0009773 0.001026 0.001066 0.005255 0.005563 0.002033 0.002086 0.002147   0.0022 0.002246 0.002284 0.002315 0.002339 0.002356 0.002368 0.002375 0.002376 0.002373 0.002365 0.002354 0.002338 0.002319 0.002297 0.002271 0.002243 0.002212 0.002179 0.002143 0.002105 0.002065 0.002023 0.001979 0.001934 0.001887 0.001839  0.00179 0.001739 0.001688 0.001635 0.001582 0.001528 0.001473 0.001417 0.001361 0.001305 0.001248  0.00119 0.001132 0.001074 0.001016 0.0009567 0.0008978 0.0008386 0.0007792 0.0007197 0.0006601 0.0006004 0.0005405 0.0004806 0.0004207 0.0003607 0.0003006 0.0002405 0.0001804 0.0001203 6.015e-05        0 
       0 7.938e-05 0.0001587 0.0002377 0.0003165 0.0003947 0.0004724 0.0005492 0.0006251 0.0006996 0.0007724 0.0008431 0.0009111 0.0009756 0.001036  0.00109 0.001138  0.00713  0.00927 0.007629 0.002303 0.002351 0.002403 0.002448 0.002485 0.002513 0.002535  0.00255 0.002559 0.002562 0.002561 0.002554 0.002544 0.002529  0.00251 0.002488 0.002462 0.002433 0.002402 0.002367  0.00233  0.00229 0.002249 0.002205 0.002159 0.002112 0.002063 0.002012  0.00196 0.001907 0.001853 0.001797 0.001741 0.001683 0.001625 0.001567 0.001507 0.001447 0.001387 0.001326 0.001264 0.001203 0.001141 0.001078 0.001016 0.000953 0.0008901 0.000827 0.0007637 0.0007004 0.000637 0.0005734 0.0005099 0.0004462 0.0003825 0.0003188 0.0002551 0.0001913 0.0001276 6.379e-05        0 
       0 8.41e-05 0.0001681 0.0002518 0.0003353 0.0004182 0.0005004 0.0005819 0.0006622 0.0007412 0.0008186 0.0008939 0.0009666 0.001036 0.001102 0.001163  0.00122  0.00893   0.0128  0.01291 0.009416 0.002569 0.002619 0.002663 0.002696 0.002722  0.00274 0.002751 0.002757 0.002757 0.002752 0.002742 0.002728  0.00271 0.002687 0.002662 0.002632   0.0026 0.002564 0.002526 0.002485 0.002441 0.002396 0.002348 0.002298 0.002247 0.002194 0.002139 0.002083 0.002026 0.001967 0.001908 0.001847 0.001786 0.001724 0.001661 0.001598 0.001534 0.001469 0.001404 0.001339 0.001274 0.001208 0.001142 0.001075 0.001009 0.0009418 0.0008749 0.0008079 0.0007408 0.0006737 0.0006064 0.0005391 0.0004718 0.0004045 0.0003371 0.0002697 0.0002023 0.0001349 6.743e-05        0 
       0 8.898e-05 0.0001778 0.0002665 0.0003548 0.0004426 0.0005297 0.000616 0.0007013 0.0007853 0.0008678 0.0009483 0.001027 0.001102 0.001175 0.001243 0.001309  0.01064   0.0161  0.01776  0.01573  0.01038  0.00285 0.002892 0.002921 0.002941 0.002955 0.002962 0.002963 0.002959  0.00295 0.002937 0.002918 0.002896  0.00287  0.00284 0.002807  0.00277 0.002731 0.002688 0.002643 0.002595 0.002546 0.002494  0.00244 0.002384 0.002327 0.002268 0.002208 0.002146 0.002083  0.00202 0.001955  0.00189 0.001824 0.001757 0.001689 0.001621 0.001553 0.001484 0.001415 0.001345 0.001275 0.001205 0.001135 0.001064 0.0009937 0.000923 0.0008522 0.0007814 0.0007105 0.0006395 0.0005685 0.0004975 0.0004264 0.0003554 0.0002843 0.0002132 0.0001422 7.108e-05        0 
       0 9.401e-05 0.0001879 0.0002816 0.000375 0.0004679 0.0005602 0.0006517 0.0007423 0.0008317 0.0009197 0.001006  0.00109 0.001173 0.001252 0.001329 0.001403   0.0123  0.01927  0.02229  0.02123  0.01569 0.004336 0.003139 0.003157 0.003171 0.003178  0.00318 0.003177 0.003169 0.003155 0.003137 0.003115 0.003088 0.003058 0.003024 0.002986 0.002945 0.002901 0.002854 0.002805 0.002753 0.002699 0.002642 0.002584 0.002524 0.002462 0.002399 0.002334 0.002268 0.002201 0.002133 0.002064 0.001995 0.001924 0.001853 0.001781 0.001709 0.001637 0.001564  0.00149 0.001417 0.001343 0.001269 0.001195  0.00112 0.001046 0.0009713 0.0008967 0.000822 0.0007473 0.0006726 0.0005979 0.0005231 0.0004484 0.0003737 0.0002989 0.0002242 0.0001495 7.473e-05        0 
       0 9.921e-05 0.0001983 0.0002972 0.0003959 0.0004941 0.0005917 0.0006887 0.0007849  0.00088 0.000974 0.001067 0.001158 0.001247 0.001334 0.001419 0.001501  0.01398  0.02252  0.02707  0.02754  0.02378  0.01566 0.003804 0.003402 0.003409  0.00341 0.003407 0.003398 0.003385 0.003367 0.003344 0.003317 0.003286 0.003251 0.003213  0.00317 0.003125 0.003076 0.003024  0.00297 0.002914 0.002855 0.002793  0.00273 0.002666 0.002599 0.002531 0.002462 0.002392  0.00232 0.002248 0.002175   0.0021 0.002026  0.00195 0.001874 0.001798 0.001721 0.001644 0.001567 0.001489 0.001411 0.001333 0.001255 0.001176 0.001098  0.00102 0.0009412 0.0008627 0.0007842 0.0007058 0.0006273 0.0005488 0.0004704 0.000392 0.0003135 0.0002351 0.0001568 7.838e-05        0 
       0 0.0001045 0.000209 0.0003133 0.0004173 0.000521 0.0006243 0.0007269 0.0008289 0.0009301  0.00103 0.001129 0.001227 0.001324 0.001419 0.001512 0.001603  0.01571  0.02588   0.0321  0.03432  0.03252  0.02673  0.01714 0.003893 0.003654  0.00365 0.003641 0.003627 0.003608 0.003585 0.003557 0.003526  0.00349  0.00345 0.003406 0.003359 0.003309 0.003255 0.003198 0.003139 0.003078 0.003014 0.002948  0.00288  0.00281 0.002739 0.002666 0.002592 0.002517 0.002441 0.002364 0.002286 0.002207 0.002128 0.002048 0.001968 0.001887 0.001806 0.001725 0.001643 0.001561 0.001479 0.001397 0.001315 0.001233  0.00115 0.001068 0.0009858 0.0009034 0.0008212 0.0007389 0.0006567 0.0005745 0.0004924 0.0004102 0.0003282 0.0002461 0.000164 8.202e-05        0 
       0  0.00011 0.0002199 0.0003297 0.0004393 0.0005486 0.0006576 0.0007662 0.0008742 0.0009816 0.001088 0.001194 0.001299 0.001403 0.001506 0.001607 0.001708  0.01748  0.02933  0.03727  0.04128  0.04139  0.03764  0.03012  0.01892 0.004068 0.003896 0.003881 0.003862 0.003838 0.003809 0.003777  0.00374 0.003699 0.003654 0.003605 0.003553 0.003497 0.003438 0.003376 0.003312 0.003245 0.003176 0.003104 0.003031 0.002957  0.00288 0.002803 0.002724 0.002644 0.002563 0.002481 0.002398 0.002315 0.002231 0.002147 0.002062 0.001977 0.001892 0.001806  0.00172 0.001634 0.001548 0.001462 0.001375 0.001289 0.001203 0.001116  0.00103 0.0009441 0.000858 0.000772 0.000686 0.0006001 0.0005143 0.0004285 0.0003427 0.000257 0.0001713 8.565e-05        0 
       0 0.0001155 0.000231 0.0003464 0.0004617 0.0005767 0.0006916 0.0008061 0.0009203 0.001034 0.001147  0.00126 0.001372 0.001484 0.001595 0.001705 0.001814  0.01926   0.0328  0.04246  0.04826  0.05021  0.04838   0.0428  0.03356   0.0207 0.004263 0.004129 0.004103 0.004074  0.00404 0.004002  0.00396 0.003914 0.003864  0.00381 0.003752  0.00369 0.003626 0.003558 0.003488 0.003415 0.003341 0.003264 0.003186 0.003106 0.003024 0.002941 0.002857 0.002772 0.002686 0.002599 0.002512 0.002424 0.002335 0.002246 0.002157 0.002067 0.001977 0.001887 0.001797 0.001707 0.001616 0.001526 0.001436 0.001345 0.001255 0.001165 0.001075 0.0009848 0.0008949 0.000805 0.0007153 0.0006257 0.0005361 0.0004466 0.0003572 0.0002679 0.0001786 8.927e-05        0 
       0 0.0001211 0.0002422 0.0003633 0.0004843 0.0006052 0.000726 0.0008466 0.0009671 0.001087 0.001207 0.001327 0.001447 0.001566 0.001685 0.001804 0.001922  0.02103  0.03625  0.04762  0.05515  0.05889  0.05887  0.05516  0.04781  0.03687  0.02241 0.004461 0.004351 0.004315 0.004276 0.004234 0.004187 0.004135 0.004079 0.004019 0.003955 0.003888 0.003817 0.003744 0.003667 0.003589 0.003509 0.003426 0.003342 0.003256 0.003169 0.003081 0.002992 0.002902 0.002811 0.002719 0.002626 0.002533  0.00244 0.002346 0.002252 0.002158 0.002063 0.001969 0.001874  0.00178 0.001685  0.00159 0.001496 0.001402 0.001307 0.001213 0.001119 0.001025 0.0009315 0.0008379 0.0007445 0.0006511 0.0005579 0.0004647 0.0003717 0.0002787 0.0001858 9.287e-05        0 
       0 0.0001268 0.0002535 0.0003803 0.0005071 0.0006338 0.0007606 0.0008874 0.001014 0.001141 0.001268 0.001394 0.001521 0.001648 0.001775 0.001902  0.00203  0.02278  0.03965  0.05268   0.0619  0.06736   0.0691  0.06716  0.06162  0.05252  0.03994  0.02396 0.004656 0.004562 0.004518 0.004471  0.00442 0.004363 0.004301 0.004234 0.004164  0.00409 0.004013 0.003933  0.00385 0.003766 0.003679 0.003591 0.003501 0.003409 0.003317 0.003223 0.003128 0.003033 0.002936 0.002839 0.002742 0.002644 0.002545 0.002447 0.002348 0.002249  0.00215 0.002051 0.001951 0.001852 0.001754 0.001655 0.001556 0.001458 0.001359 0.001261 0.001163 0.001066 0.000968 0.0008706 0.0007734 0.0006764 0.0005795 0.0004827 0.000386 0.0002894 0.0001929 9.645e-05        0 
       0 0.0001324 0.0002648 0.0003973 0.0005298 0.0006624 0.0007952 0.0009281 0.001061 0.001194 0.001328 0.001462 0.001596  0.00173 0.001865 0.002001 0.002137  0.02449  0.04297  0.05762  0.06848  0.07559  0.07901  0.07877  0.07495  0.06759  0.05678  0.04263  0.02525 0.004843 0.004765 0.004715  0.00466 0.004597 0.004529 0.004456 0.004378 0.004297 0.004212 0.004126 0.004037 0.003945 0.003852 0.003758 0.003662 0.003564 0.003466 0.003366 0.003266 0.003164 0.003063  0.00296 0.002857 0.002754 0.002651 0.002547 0.002443  0.00234 0.002236 0.002132 0.002029 0.001925 0.001822 0.001719 0.001616 0.001514 0.001411 0.001309 0.001207 0.001106 0.001004 0.0009031 0.0008022 0.0007015 0.0006009 0.0005005 0.0004002 0.0003001   0.0002 9.999e-05        0 
       0 0.000138 0.000276 0.0004142 0.0005525 0.0006909 0.0008296 0.0009686 0.001108 0.001248 0.001388 0.001529  0.00167 0.001812 0.001955 0.002098 0.002243  0.02615  0.04619  0.06242  0.07486  0.08357  0.08859  0.08998  0.08777  0.08204  0.07286  0.06033  0.04461    0.026 0.005026 0.004968  0.00491 0.004841 0.004765 0.004683 0.004597 0.004508 0.004416 0.004322 0.004226 0.004128 0.004028 0.003927 0.003824 0.003721 0.003616 0.003511 0.003404 0.003297  0.00319 0.003082 0.002974 0.002865 0.002757 0.002648 0.002539 0.002431 0.002322 0.002214 0.002106 0.001998  0.00189 0.001783 0.001676 0.001569 0.001463 0.001357 0.001251 0.001145  0.00104 0.0009353 0.0008307 0.0007263 0.0006221 0.0005181 0.0004143 0.0003106 0.000207 0.0001035        0 
       0 0.0001435 0.0002871 0.0004309 0.0005748 0.000719 0.0008636 0.001009 0.001154   0.0013 0.001447 0.001594 0.001743 0.001892 0.002043 0.002194 0.002348  0.02776  0.04932  0.06707  0.08104  0.09128  0.09785   0.1008   0.1001   0.0959  0.08819  0.07704  0.06255  0.04497  0.02502 0.005239 0.005176 0.005096 0.005008 0.004916 0.004821 0.004723 0.004623 0.004521 0.004417 0.004312 0.004206 0.004098 0.003989 0.003879 0.003768 0.003656 0.003544 0.003431 0.003318 0.003204  0.00309 0.002977 0.002863 0.002749 0.002635 0.002521 0.002408 0.002295 0.002182  0.00207 0.001958 0.001846 0.001735 0.001624 0.001514 0.001404 0.001294 0.001185 0.001076 0.0009671 0.0008588 0.0007508 0.0006431 0.0005355 0.0004282 0.000321 0.0002139 0.000107        0 
       0 0.000149 0.000298 0.0004473 0.0005968 0.0007467 0.000897 0.001048 0.001199 0.001352 0.001505 0.001659 0.001814 0.001971 0.002129 0.002288  0.00245  0.02933  0.05235  0.07156  0.08701  0.09874   0.1068   0.1112    0.112   0.1092   0.1029  0.09298  0.07937  0.06176  0.03918 0.008372 0.005466 0.005361 0.005257 0.005153 0.005048 0.004941 0.004833 0.004723 0.004611 0.004499 0.004385 0.004271 0.004155 0.004038 0.003921 0.003803 0.003684 0.003565 0.003446 0.003327 0.003207 0.003088 0.002969 0.002849 0.002731 0.002612 0.002494 0.002376 0.002258 0.002142 0.002025 0.001909 0.001794 0.001679 0.001564  0.00145 0.001337 0.001223 0.001111 0.0009985 0.0008865 0.000775 0.0006637 0.0005527 0.0004419 0.0003312 0.0002207 0.0001104        0 
       0 0.0001543 0.0003087 0.0004633 0.0006182 0.0007736 0.0009296 0.001086 0.001244 0.001402 0.001562 0.001722 0.001884 0.002048 0.002213  0.00238 0.002549  0.03084  0.05527   0.0759  0.09277   0.1059   0.1154   0.1213   0.1235   0.1222   0.1173   0.1087  0.09639  0.08013  0.05958   0.0345 0.006589 0.005623 0.005508 0.005393 0.005278 0.005161 0.005044 0.004926 0.004807 0.004687 0.004567 0.004445 0.004322 0.004199 0.004075  0.00395 0.003825   0.0037 0.003575 0.003449 0.003324 0.003199 0.003074  0.00295 0.002826 0.002702 0.002579 0.002456 0.002334 0.002213 0.002092 0.001971 0.001852 0.001732 0.001614 0.001496 0.001378 0.001262 0.001145 0.001029 0.0009138 0.0007987 0.0006839 0.0005695 0.0004553 0.0003413 0.0002274 0.0001137        0 
       0 0.0001594 0.000319 0.0004788 0.000639 0.0007998 0.0009612 0.001123 0.001287 0.001451 0.001616 0.001783 0.001952 0.002122 0.002294 0.002468 0.002645  0.03229  0.05809  0.08008  0.09833   0.1129   0.1238    0.131   0.1347   0.1348   0.1313   0.1243   0.1136  0.09915  0.08096  0.05911  0.03414 0.006335 0.005758 0.005633 0.005508 0.005383 0.005258 0.005131 0.005005 0.004877 0.004749  0.00462  0.00449  0.00436 0.004229 0.004098 0.003967 0.003835 0.003703 0.003572 0.003441  0.00331  0.00318  0.00305  0.00292 0.002791 0.002663 0.002536 0.002409 0.002283 0.002157 0.002033 0.001909 0.001785 0.001663 0.001541  0.00142 0.001299 0.001179  0.00106 0.0009405 0.0008219 0.0007038 0.0005859 0.0004684 0.0003511 0.000234 0.000117        0 
       0 0.0001644 0.0003289 0.0004938 0.0006591 0.000825 0.0009917 0.001159 0.001328 0.001498 0.001669 0.001842 0.002017 0.002194 0.002372 0.002554 0.002737  0.03369  0.06079  0.08411   0.1037   0.1196   0.1318   0.1405   0.1456   0.1471   0.1451   0.1396   0.1306   0.1181   0.1021  0.08268  0.06016  0.03467 0.006289 0.005873 0.005739 0.005606 0.005472 0.005338 0.005203 0.005068 0.004933 0.004797  0.00466 0.004522 0.004384 0.004246 0.004108  0.00397 0.003832 0.003694 0.003557  0.00342 0.003284 0.003149 0.003014  0.00288 0.002746 0.002614 0.002482 0.002352 0.002222 0.002093 0.001965 0.001837 0.001711 0.001585  0.00146 0.001336 0.001212 0.001089 0.0009666 0.0008446 0.0007231 0.000602 0.0004812 0.0003607 0.0002403 0.0001201        0 
       0 0.0001691 0.0003384 0.0005081 0.0006783 0.0008491 0.001021 0.001194 0.001368 0.001543  0.00172 0.001899 0.002079 0.002262 0.002447 0.002635 0.002826  0.03503  0.06339  0.08797   0.1088    0.126   0.1396   0.1496    0.156    0.159   0.1585   0.1546   0.1472   0.1365   0.1225   0.1053  0.08492   0.0616  0.03538 0.006299 0.005971 0.005828 0.005686 0.005544 0.005402  0.00526 0.005117 0.004974  0.00483 0.004685  0.00454 0.004395  0.00425 0.004105  0.00396 0.003816 0.003673  0.00353 0.003388 0.003247 0.003106 0.002967 0.002829 0.002691 0.002555  0.00242 0.002285 0.002152  0.00202 0.001888 0.001758 0.001628 0.001499 0.001371 0.001244 0.001118 0.0009919 0.0008667 0.0007419 0.0006176 0.0004936 0.0003699 0.0002465 0.0001232        0 
       0 0.0001736 0.0003475 0.0005217 0.0006965 0.000872 0.001048 0.001226 0.001405 0.001586 0.001768 0.001952 0.002139 0.002327 0.002519 0.002713  0.00291  0.03631  0.06588  0.09167   0.1138   0.1322    0.147   0.1583   0.1661   0.1705   0.1714    0.169   0.1633   0.1543   0.1421   0.1268   0.1085  0.08717    0.063  0.03604 0.006324  0.00605   0.0059 0.005751 0.005602 0.005453 0.005303 0.005152 0.005001 0.004849 0.004696 0.004543 0.004391 0.004239 0.004088 0.003937 0.003787 0.003638  0.00349 0.003343 0.003198 0.003053  0.00291 0.002767 0.002626 0.002486 0.002347  0.00221 0.002073 0.001938 0.001803  0.00167 0.001538 0.001406 0.001275 0.001146 0.001016 0.000888  0.00076 0.0006326 0.0005056 0.0003789 0.0002524 0.0001262        0 
       0 0.0001779 0.0003559 0.0005344 0.0007135 0.0008935 0.001074 0.001257  0.00144 0.001626 0.001813 0.002003 0.002194 0.002389 0.002586 0.002786  0.00299  0.03753  0.06824  0.09519   0.1184   0.1381   0.1541   0.1667   0.1758   0.1815   0.1838   0.1829   0.1787   0.1713   0.1608   0.1473   0.1308   0.1114  0.08913  0.06416  0.03653 0.006348 0.006112 0.005957 0.005802 0.005647 0.005491 0.005332 0.005173 0.005012 0.004852 0.004692 0.004532 0.004372 0.004214 0.004057   0.0039 0.003745 0.003591 0.003439 0.003287 0.003137 0.002989 0.002841 0.002696 0.002551 0.002408 0.002266 0.002125 0.001986 0.001848 0.001711 0.001575  0.00144 0.001306 0.001172  0.00104 0.0009085 0.0007775 0.000647 0.0005171 0.0003875 0.0002582 0.000129        0 
       0 0.0001818 0.0003638 0.0005463 0.0007294 0.0009135 0.001099 0.001285 0.001473 0.001663 0.001855  0.00205 0.002247 0.002446 0.002649 0.002855 0.003064  0.03869  0.07048  0.09853   0.1229   0.1437   0.1609   0.1746   0.1849   0.1919   0.1956   0.1961   0.1933   0.1875   0.1786   0.1667   0.1519   0.1342   0.1137  0.09058  0.06486  0.03672 0.006365 0.006161 0.006004 0.005844  0.00568 0.005514 0.005346 0.005177 0.005008 0.004839 0.004671 0.004505 0.004339 0.004175 0.004012  0.00385  0.00369 0.003532 0.003375  0.00322 0.003066 0.002914 0.002763 0.002614 0.002466  0.00232 0.002175 0.002032  0.00189  0.00175  0.00161 0.001472 0.001334 0.001198 0.001063 0.000928 0.0007941 0.0006608 0.000528 0.0003957 0.0002636 0.0001318        0 
       0 0.0001854 0.0003711 0.0005572 0.000744 0.0009319 0.001121 0.001311 0.001504 0.001698 0.001894 0.002093 0.002295 0.002499 0.002707 0.002918 0.003133  0.03977  0.07259   0.1017   0.1271   0.1489   0.1672   0.1821   0.1936   0.2018   0.2067   0.2085   0.2072   0.2027   0.1953   0.1849   0.1717   0.1556   0.1368   0.1152  0.09116   0.0647  0.03622 0.006377 0.006209 0.006046 0.005874 0.005698  0.00552 0.005341 0.005163 0.004986  0.00481 0.004635 0.004462 0.004291 0.004121 0.003953 0.003787 0.003623 0.003461   0.0033 0.003141 0.002984 0.002828 0.002675 0.002523 0.002372 0.002224 0.002077 0.001931 0.001787 0.001644 0.001502 0.001362 0.001222 0.001084 0.0009466 0.0008099 0.0006739 0.0005384 0.0004034 0.0002688 0.0001343        0 
       0 0.0001887 0.0003776 0.000567 0.0007573 0.0009485 0.001141 0.001335 0.001531 0.001729  0.00193 0.002133 0.002339 0.002548  0.00276 0.002977 0.003197  0.04079  0.07456   0.1046    0.131   0.1538   0.1732   0.1891   0.2017   0.2111   0.2172   0.2202   0.2201    0.217    0.211   0.2021   0.1903   0.1757   0.1583   0.1382   0.1154  0.09009  0.06249  0.03352 0.006431 0.006261 0.006075 0.005885 0.005694 0.005505 0.005317  0.00513 0.004946 0.004763 0.004583 0.004405 0.004228 0.004054 0.003882 0.003712 0.003543 0.003377 0.003213 0.003051 0.002891 0.002733 0.002577 0.002422  0.00227 0.002119  0.00197 0.001822 0.001676 0.001531 0.001388 0.001245 0.001104 0.0009641 0.0008247 0.0006861 0.0005482 0.0004107 0.0002736 0.0001367        0 
       0 0.0001916 0.0003834 0.0005758 0.000769 0.0009633 0.001159 0.001356 0.001556 0.001757 0.001961 0.002168 0.002378 0.002591 0.002808 0.003029 0.003254  0.04173  0.07639   0.1073   0.1346   0.1584   0.1787   0.1957   0.2093   0.2197   0.2269   0.2311   0.2322   0.2304   0.2257   0.2181   0.2076   0.1944   0.1784   0.1596   0.1379   0.1133  0.08522  0.05237   0.0104   0.0065 0.006282 0.006073 0.005868 0.005666 0.005468 0.005272 0.005079 0.004889 0.004701 0.004516 0.004332 0.004152 0.003973 0.003797 0.003624 0.003452 0.003283 0.003116 0.002951 0.002789 0.002628  0.00247 0.002313 0.002159 0.002006 0.001855 0.001706 0.001558 0.001412 0.001267 0.001123 0.0009803 0.0008385 0.0006975 0.0005572 0.0004174 0.000278 0.0001389        0 
       0 0.000194 0.0003884 0.0005833 0.0007791 0.0009761 0.001174 0.001375 0.001577 0.001782 0.001989 0.002199 0.002412 0.002629  0.00285 0.003075 0.003305  0.04258  0.07806   0.1098    0.138   0.1626   0.1838   0.2017   0.2163   0.2276   0.2359   0.2412   0.2435   0.2428   0.2393   0.2329   0.2238   0.2119   0.1972   0.1798   0.1594   0.1361   0.1093  0.07883  0.04419 0.007778 0.006477 0.006253 0.006036 0.005824 0.005615 0.005411 0.005209 0.005011 0.004816 0.004623 0.004433 0.004246 0.004062  0.00388   0.0037 0.003524 0.003349 0.003177 0.003008 0.002841 0.002677 0.002514 0.002354 0.002196  0.00204 0.001886 0.001734 0.001583 0.001434 0.001287  0.00114 0.0009952 0.0008511 0.0007079 0.0005654 0.0004235 0.0002821 0.000141        0 
       0 0.0001961 0.0003926 0.0005896 0.0007876 0.0009868 0.001187  0.00139 0.001595 0.001802 0.002012 0.002225 0.002442 0.002662 0.002887 0.003115 0.003349  0.04336  0.07957   0.1121    0.141   0.1664   0.1884   0.2071   0.2226   0.2349   0.2442   0.2504   0.2538   0.2542   0.2518   0.2467   0.2388   0.2282   0.2149   0.1989     0.18   0.1583   0.1336   0.1057    0.075  0.04202 0.007208 0.006425 0.006198 0.005976 0.005758 0.005544 0.005335 0.005129 0.004926 0.004727  0.00453 0.004337 0.004146 0.003958 0.003774 0.003591 0.003412 0.003235 0.003062  0.00289 0.002722 0.002556 0.002392 0.002231 0.002071 0.001914 0.001759 0.001606 0.001454 0.001304 0.001156 0.001009 0.0008624 0.0007172 0.0005728 0.000429 0.0002857 0.0001428        0 
       0 0.0001978 0.0003958 0.0005946 0.0007943 0.0009952 0.001198 0.001402 0.001609 0.001819 0.002031 0.002247 0.002466 0.002689 0.002916 0.003149 0.003386  0.04405  0.08092   0.1141   0.1437   0.1698   0.1926    0.212   0.2283   0.2415   0.2516   0.2588   0.2631   0.2646   0.2633   0.2594   0.2527   0.2434   0.2314   0.2168   0.1995   0.1795   0.1568   0.1315   0.1035  0.07336  0.04113  0.00692 0.006352 0.006121 0.005894 0.005672 0.005455 0.005241 0.005032 0.004826 0.004623 0.004423 0.004227 0.004033 0.003843 0.003655 0.003471  0.00329 0.003111 0.002936 0.002763 0.002594 0.002426 0.002262   0.0021  0.00194 0.001782 0.001626 0.001472  0.00132  0.00117  0.00102 0.0008724 0.0007254 0.0005792 0.0004338 0.0002889 0.0001444        0 
       0 0.0001989 0.0003982 0.0005981 0.0007991 0.001001 0.001205 0.001411  0.00162 0.001831 0.002045 0.002263 0.002484  0.00271  0.00294 0.003175 0.003415  0.04465  0.08209   0.1159   0.1461   0.1728   0.1962   0.2164   0.2334   0.2473   0.2582   0.2663   0.2715    0.274   0.2737   0.2708   0.2653   0.2572   0.2466   0.2334   0.2177   0.1995   0.1787   0.1555   0.1299   0.1022  0.07235  0.04051 0.006709 0.006258 0.006023 0.005794 0.005569 0.005349 0.005133  0.00492 0.004711 0.004505 0.004303 0.004103 0.003907 0.003715 0.003526  0.00334 0.003157 0.002977 0.002801 0.002628 0.002457  0.00229 0.002125 0.001962 0.001802 0.001644 0.001488 0.001334 0.001181  0.00103 0.0008808 0.0007323 0.0005847 0.0004379 0.0002916 0.0001457        0 
       0 0.0001996 0.0003996 0.0006003 0.000802 0.001005  0.00121 0.001417 0.001626 0.001839 0.002054 0.002273 0.002497 0.002724 0.002956 0.003193 0.003436  0.04515  0.08308   0.1173   0.1481   0.1754   0.1993   0.2201   0.2377   0.2523    0.264   0.2728   0.2788   0.2822   0.2829   0.2811   0.2767   0.2698   0.2604   0.2486   0.2344   0.2178   0.1989   0.1776   0.1542   0.1286    0.101  0.07139  0.03989 0.006523 0.006145 0.005908 0.005677 0.005451 0.005229  0.00501 0.004795 0.004583 0.004374 0.004169 0.003967  0.00377 0.003575 0.003385 0.003198 0.003014 0.002834 0.002658 0.002484 0.002314 0.002146 0.001981 0.001819 0.001659 0.001501 0.001345 0.001191 0.001039 0.0008876 0.0007378 0.0005891 0.0004411 0.0002937 0.0001468        0 
       0 0.0001998   0.0004 0.0006009 0.0008029 0.001006 0.001212 0.001419 0.001629 0.001842 0.002058 0.002279 0.002503 0.002731 0.002965 0.003204 0.003449  0.04554  0.08387   0.1185   0.1497   0.1774   0.2019   0.2231   0.2413   0.2565   0.2688   0.2783   0.2851   0.2893   0.2909     0.29   0.2867   0.2809   0.2727   0.2623   0.2495   0.2344   0.2172   0.1977   0.1762   0.1526    0.127  0.09953  0.07021  0.03912 0.006341 0.006014 0.005777 0.005546 0.005319 0.005095 0.004874 0.004655 0.004441 0.004229 0.004022 0.003819  0.00362 0.003425 0.003234 0.003046 0.002863 0.002683 0.002507 0.002333 0.002163 0.001996 0.001832  0.00167 0.001511 0.001354 0.001198 0.001045 0.0008927 0.000742 0.0005923 0.0004434 0.0002953 0.0001475        0 
       0 0.0001995 0.0003994   0.0006 0.0008017 0.001005  0.00121 0.001417 0.001628 0.001841 0.002057 0.002278 0.002502 0.002732 0.002966 0.003207 0.003453  0.04583  0.08445   0.1194   0.1509    0.179   0.2038   0.2255   0.2441   0.2598   0.2727   0.2828   0.2903   0.2952   0.2976   0.2976   0.2952   0.2905   0.2835   0.2742   0.2628   0.2492   0.2335   0.2157   0.1959   0.1741   0.1504   0.1249  0.09759  0.06859  0.03805 0.006156 0.005869 0.005637 0.005406 0.005176 0.004948 0.004723 0.004502 0.004284 0.004071 0.003863 0.003659 0.003459 0.003264 0.003073 0.002886 0.002703 0.002524 0.002349 0.002177 0.002008 0.001842 0.001679 0.001518  0.00136 0.001203 0.001049 0.000896 0.0007445 0.0005942 0.0004449 0.0002962 0.000148        0 
       0 0.0001986 0.0003977 0.0005974 0.0007984 0.001001 0.001205 0.001412 0.001622 0.001834  0.00205 0.002271 0.002495 0.002725  0.00296 0.003201 0.003448  0.04601  0.08481     0.12   0.1517     0.18   0.2051   0.2271   0.2461   0.2622   0.2755   0.2862   0.2942   0.2998    0.303   0.3037   0.3022   0.2985   0.2925   0.2845   0.2743    0.262   0.2477   0.2315   0.2133   0.1932   0.1712   0.1475    0.122   0.0948  0.06615  0.03634 0.005967 0.005724 0.005491 0.005255 0.005019 0.004786 0.004557 0.004333 0.004114   0.0039 0.003691 0.003487 0.003288 0.003094 0.002904 0.002718 0.002537 0.002359 0.002186 0.002015 0.001848 0.001683 0.001522 0.001362 0.001205  0.00105 0.0008972 0.0007454 0.0005949 0.0004453 0.0002964 0.0001481        0 
       0 0.0001972 0.0003949 0.0005933 0.0007928 0.000994 0.001197 0.001403 0.001611 0.001823 0.002038 0.002257 0.002481  0.00271 0.002945 0.003186 0.003433  0.04605  0.08492   0.1202    0.152   0.1804   0.2057   0.2279   0.2471   0.2636   0.2773   0.2884   0.2969   0.3031   0.3068   0.3083   0.3076   0.3048   0.2998   0.2928   0.2838   0.2728   0.2598    0.245   0.2283   0.2097   0.1894   0.1672   0.1433   0.1177  0.09043  0.06177  0.03254 0.005819 0.005581 0.005333 0.005085 0.004842 0.004605 0.004374 0.004149  0.00393 0.003716 0.003508 0.003306 0.003108 0.002916 0.002728 0.002544 0.002365 0.002189 0.002018 0.001849 0.001684 0.001522 0.001362 0.001205  0.00105 0.0008963 0.0007446 0.0005941 0.0004447 0.000296 0.0001479        0 
       0 0.0001953 0.0003909 0.0005874 0.000785 0.0009843 0.001186 0.001389 0.001596 0.001806 0.002019 0.002237  0.00246 0.002688 0.002921 0.003161 0.003408  0.04597  0.08478     0.12   0.1518   0.1803   0.2056   0.2279   0.2473   0.2639   0.2779   0.2893   0.2982   0.3048   0.3092   0.3113   0.3113   0.3092   0.3052   0.2991   0.2912   0.2813   0.2696   0.2561   0.2408   0.2238   0.2049   0.1843   0.1619   0.1376   0.1113  0.08249  0.04995 0.009466 0.005686 0.005409 0.005145 0.004891 0.004645 0.004407 0.004176 0.003952 0.003734 0.003522 0.003316 0.003115  0.00292  0.00273 0.002545 0.002364 0.002188 0.002015 0.001846 0.001681 0.001518 0.001358 0.001201 0.001046 0.0008932 0.0007418 0.0005918 0.0004429 0.0002948 0.0001473        0 
       0 0.0001927 0.0003859 0.0005798 0.0007749 0.0009717  0.00117 0.001372 0.001576 0.001783 0.001995  0.00221 0.002431 0.002657 0.002889 0.003127 0.003372  0.04574  0.08436   0.1194    0.151   0.1794   0.2047   0.2269   0.2464   0.2631   0.2772   0.2888   0.2981   0.3051   0.3099   0.3125   0.3132   0.3118   0.3085   0.3034   0.2964   0.2877   0.2771   0.2649   0.2509   0.2352   0.2178   0.1987   0.1778    0.155   0.1303   0.1031  0.07326  0.04034 0.006726 0.005465 0.005191 0.004928 0.004674  0.00443 0.004193 0.003964 0.003742 0.003527 0.003318 0.003115 0.002918 0.002726  0.00254 0.002358 0.002181 0.002008 0.001838 0.001673 0.001511 0.001351 0.001194  0.00104 0.0008877 0.0007371 0.000588  0.00044 0.0002928 0.0001463        0 
       0 0.0001896 0.0003797 0.0005705 0.0007625 0.0009561 0.001152  0.00135 0.001551 0.001755 0.001964 0.002177 0.002394 0.002617 0.002847 0.003083 0.003326  0.04534  0.08364   0.1184   0.1497   0.1778   0.2029    0.225   0.2443    0.261   0.2752   0.2869   0.2964   0.3036   0.3088   0.3119    0.313   0.3123   0.3098   0.3054   0.2994   0.2916   0.2822   0.2711   0.2584   0.2441   0.2281   0.2105   0.1912   0.1701   0.1472   0.1223  0.09544  0.06667  0.03671  0.00598  0.00522  0.00495 0.004691 0.004441 0.004199 0.003966 0.003741 0.003523 0.003311 0.003107 0.002908 0.002715 0.002528 0.002345 0.002168 0.001995 0.001826  0.00166 0.001499  0.00134 0.001184 0.001031 0.0008797 0.0007303 0.0005824 0.0004358  0.00029 0.0001449        0 
       0 0.000186 0.0003723 0.0005595 0.0007478 0.0009377  0.00113 0.001324 0.001521 0.001722 0.001927 0.002136  0.00235 0.002569 0.002795 0.003028 0.003268  0.04478  0.08257   0.1168   0.1477   0.1754   0.2001    0.222   0.2411   0.2576   0.2716   0.2834   0.2929   0.3004   0.3058   0.3092   0.3108   0.3107   0.3088   0.3052   0.2999   0.2931   0.2847   0.2747   0.2632   0.2502   0.2356   0.2195   0.2019   0.1826   0.1617   0.1391   0.1149  0.08917  0.06226  0.03434 0.005509 0.004959 0.004694 0.004439 0.004194 0.003957 0.003729 0.003509 0.003296 0.003089 0.002889 0.002696 0.002508 0.002325 0.002148 0.001975 0.001807 0.001643 0.001482 0.001325  0.00117 0.001019 0.000869 0.0007213 0.0005752 0.0004303 0.0002864 0.000143        0 
       0 0.0001817 0.0003639 0.0005467 0.0007308 0.0009164 0.001104 0.001294 0.001487 0.001683 0.001883 0.002088 0.002297 0.002512 0.002734 0.002962 0.003199  0.04402  0.08114   0.1147    0.145   0.1722   0.1964   0.2177   0.2365   0.2527   0.2665   0.2782   0.2877   0.2952   0.3007   0.3045   0.3064   0.3067   0.3053   0.3024   0.2979   0.2919   0.2845   0.2756   0.2652   0.2535   0.2403   0.2257   0.2096   0.1921   0.1732   0.1528    0.131   0.1079  0.08371  0.05845  0.03224 0.005119 0.004683 0.004424 0.004176 0.003937 0.003706 0.003484  0.00327 0.003063 0.002862 0.002668 0.002481 0.002298 0.002122  0.00195 0.001783  0.00162 0.001461 0.001306 0.001153 0.001003 0.0008557 0.0007101 0.0005662 0.0004235 0.0002818 0.0001407        0 
       0 0.000177 0.0003543 0.0005324 0.0007115 0.0008922 0.001075  0.00126 0.001447 0.001638 0.001833 0.002032 0.002236 0.002446 0.002662 0.002885 0.003117  0.04305  0.07929   0.1121   0.1415   0.1679   0.1914   0.2122   0.2304   0.2462   0.2597   0.2711   0.2804   0.2879   0.2935   0.2974   0.2996   0.3002   0.2994    0.297   0.2932    0.288   0.2814   0.2735   0.2643   0.2538   0.2419   0.2288   0.2143   0.1985   0.1815   0.1632   0.1436   0.1229   0.1012   0.0784  0.05471  0.03015 0.004758 0.004395 0.004144 0.003903 0.003672 0.003449 0.003234 0.003026 0.002826 0.002632 0.002445 0.002264 0.002088 0.001918 0.001753 0.001592 0.001435 0.001282 0.001132 0.0009844 0.0008395 0.0006966 0.0005553 0.0004153 0.0002764 0.000138        0 
       0 0.0001717 0.0003437 0.0005164 0.0006901 0.0008653 0.001042 0.001222 0.001403 0.001588 0.001777  0.00197 0.002168 0.002371  0.00258 0.002797 0.003022  0.04184  0.07698   0.1087   0.1371   0.1626   0.1852   0.2052   0.2227   0.2379   0.2509   0.2619    0.271   0.2783   0.2838   0.2878   0.2902   0.2911   0.2906   0.2888   0.2856   0.2811   0.2754   0.2684   0.2603   0.2509   0.2403   0.2286   0.2156   0.2016   0.1863     0.17   0.1525    0.134   0.1145  0.09415  0.07289  0.05081  0.02797 0.004409 0.004098 0.003856 0.003625 0.003402 0.003187  0.00298  0.00278 0.002587   0.0024 0.002221 0.002047 0.001879 0.001716 0.001558 0.001404 0.001254 0.001106 0.0009622 0.0008204 0.0006806 0.0005425 0.0004058  0.00027 0.0001348        0 
       0 0.0001659 0.0003321 0.0004989 0.0006667 0.0008358 0.001007 0.001179 0.001355 0.001533 0.001715 0.001901 0.002091 0.002287 0.002488 0.002697 0.002914  0.04036  0.07415   0.1045   0.1318    0.156   0.1776   0.1966   0.2132   0.2277     0.24   0.2505   0.2592   0.2662   0.2716   0.2755    0.278   0.2792    0.279   0.2776   0.2749   0.2711   0.2662   0.2601   0.2529   0.2447   0.2353   0.2249   0.2135    0.201   0.1875    0.173   0.1575   0.1411   0.1238   0.1057  0.08671    0.067   0.0466  0.02559 0.004066 0.003794 0.003565 0.003344 0.003129 0.002923 0.002723 0.002531 0.002347 0.002169 0.001998 0.001833 0.001673 0.001518 0.001367 0.001221 0.001077 0.0009365 0.0007984 0.0006623 0.0005279 0.0003948 0.0002627 0.0001312        0 
       0 0.0001596 0.0003195  0.00048 0.0006413 0.0008039 0.000968 0.001134 0.001302 0.001473 0.001647 0.001825 0.002006 0.002193 0.002386 0.002586 0.002793  0.03857  0.07073  0.09954   0.1253   0.1481   0.1684   0.1862   0.2017   0.2153   0.2269   0.2367   0.2448   0.2515   0.2566   0.2604   0.2629   0.2641   0.2642   0.2631    0.261   0.2578   0.2535   0.2483   0.2421   0.2349   0.2267   0.2176   0.2076   0.1967   0.1848   0.1721   0.1585   0.1441   0.1288   0.1128   0.0961  0.07865  0.06055  0.04189  0.02285 0.003727 0.003494 0.003275 0.003061 0.002855 0.002656 0.002466 0.002283 0.002108  0.00194 0.001779 0.001623 0.001472 0.001325 0.001183 0.001044 0.0009073 0.0007734 0.0006416 0.0005113 0.0003824 0.0002544 0.0001271        0 
       0 0.0001529 0.0003061 0.0004598 0.0006143 0.0007698 0.0009266 0.001085 0.001245 0.001408 0.001574 0.001742 0.001915 0.002092 0.002274 0.002463 0.002659  0.03644  0.06664  0.09355   0.1175   0.1386   0.1573   0.1737   0.1881   0.2005   0.2111   0.2201   0.2276   0.2338   0.2386   0.2421   0.2445   0.2458    0.246   0.2453   0.2435   0.2409   0.2373   0.2328   0.2275   0.2213   0.2143   0.2065   0.1978   0.1884   0.1781   0.1671   0.1553   0.1428   0.1296   0.1156    0.101  0.08568  0.06973  0.05318  0.03614  0.01903 0.003417 0.003199 0.002983 0.002775 0.002577 0.002388 0.002209 0.002037 0.001873 0.001716 0.001565 0.001419 0.001278  0.00114 0.001006 0.0008746 0.0007456 0.0006185 0.000493 0.0003687 0.0002453 0.0001225        0 
       0 0.0001459 0.000292 0.0004386 0.0005858 0.0007338 0.0008829 0.001033 0.001186  0.00134 0.001496 0.001655 0.001817 0.001983 0.002153 0.002329 0.002512   0.0339  0.06176  0.08642   0.1082   0.1274   0.1443    0.159   0.1719    0.183   0.1925   0.2006   0.2074   0.2129   0.2172   0.2204   0.2227   0.2239   0.2243   0.2238   0.2224   0.2202   0.2172   0.2135    0.209   0.2038   0.1979   0.1913   0.1839   0.1759   0.1672   0.1578   0.1478   0.1371   0.1258   0.1139   0.1013  0.08812  0.07423  0.05958  0.04393  0.02656 0.005197 0.003119 0.002893 0.002682 0.002485 0.002298 0.002122 0.001955 0.001797 0.001645   0.0015  0.00136 0.001224 0.001093 0.0009643 0.0008385 0.0007149 0.0005931 0.0004728 0.0003536 0.0002353 0.0001175        0 
       0 0.0001386 0.0002773 0.0004164 0.000556 0.0006962 0.0008374 0.0009795 0.001123 0.001268 0.001414 0.001563 0.001713 0.001867 0.002024 0.002185 0.002353  0.03089  0.05595  0.07794  0.09722   0.1141   0.1289   0.1418   0.1529   0.1626   0.1709   0.1779   0.1837   0.1885   0.1923   0.1951   0.1971   0.1983   0.1987   0.1983   0.1973   0.1955   0.1931   0.1901   0.1864   0.1821   0.1772   0.1718   0.1657   0.1591   0.1519   0.1441   0.1358   0.1269   0.1175   0.1076  0.09708  0.08599  0.07428  0.06186  0.04859  0.03423  0.01872 0.003451  0.00278 0.002571 0.002376 0.002194 0.002023 0.001862  0.00171 0.001565 0.001427 0.001294 0.001166 0.001041 0.0009188 0.0007992 0.0006816 0.0005657 0.000451 0.0003374 0.0002245 0.0001121        0 
       0 0.000131 0.0002621 0.0003935 0.0005252 0.0006575 0.0007903 0.0009238 0.001058 0.001193  0.00133 0.001467 0.001606 0.001746 0.001888 0.002033 0.002182  0.02729  0.04902  0.06786  0.08423  0.09845   0.1108   0.1216   0.1308   0.1389   0.1457   0.1515   0.1563   0.1603   0.1635   0.1659   0.1675   0.1686   0.1689   0.1687   0.1679   0.1666   0.1647   0.1623   0.1594    0.156   0.1522   0.1478    0.143   0.1377    0.132   0.1258   0.1192   0.1121   0.1046  0.09658  0.08814  0.07923  0.06979   0.0598   0.0492  0.03798  0.02626  0.01446 0.002829  0.00244  0.00225 0.002073 0.001908 0.001755 0.001612 0.001476 0.001347 0.001222 0.001102 0.0009846 0.0008698 0.0007571 0.000646 0.0005364 0.0004278 0.0003201 0.0002131 0.0001064        0 
       0 0.0001232 0.0002466 0.0003701 0.0004938 0.0006178 0.0007422 0.000867 0.0009922 0.001118 0.001244  0.00137 0.001496 0.001622 0.001748 0.001874 0.002001  0.02295   0.0407  0.05583  0.06881     0.08  0.08966  0.09802   0.1052   0.1114   0.1167   0.1212   0.1249    0.128   0.1305   0.1323   0.1336   0.1345   0.1348   0.1347   0.1341   0.1331   0.1318     0.13   0.1278   0.1253   0.1224   0.1192   0.1156   0.1116   0.1073   0.1027   0.0977  0.09238  0.08672  0.08072  0.07436  0.06764  0.06054  0.05303  0.04513  0.03685  0.02829  0.01962  0.01097 0.002374 0.002105 0.001934 0.001778 0.001635 0.001502 0.001378  0.00126 0.001145 0.001034 0.0009248 0.0008178 0.0007124 0.0006084 0.0005054 0.0004033 0.0003019 0.000201 0.0001004        0 
       0 0.0001154 0.0002308 0.0003463 0.0004619 0.0005777 0.0006936 0.0008096 0.0009256 0.001042 0.001157 0.001272 0.001386 0.001499 0.001608 0.001714 0.001816  0.01763  0.03057  0.04135  0.05046  0.05824  0.06492  0.07067  0.07562  0.07988   0.0835  0.08658  0.08914  0.09124  0.09292  0.09421  0.09513   0.0957  0.09595  0.09589  0.09553   0.0949  0.09398  0.09281  0.09138  0.08969  0.08776  0.08559  0.08318  0.08054  0.07766  0.07455  0.07122  0.06765  0.06386  0.05982  0.05556  0.05104  0.04628  0.04126  0.03599  0.03051  0.02487  0.01914  0.01339 0.007668 0.001977 0.001776 0.001628 0.001498 0.001382 0.001272 0.001166 0.001063 0.0009619 0.0008621 0.0007635 0.0006659 0.0005692 0.0004733 0.0003779 0.000283 0.0001885 9.417e-05        0 
       0 0.0001074 0.0002149 0.0003224 0.0004298 0.0005373 0.0006448 0.0007521 0.0008592 0.0009659 0.001072 0.001176 0.001279 0.001379 0.001474 0.001561 0.001635  0.01086  0.01795  0.02369  0.02847  0.03252  0.03598  0.03896  0.04153  0.04373  0.04561   0.0472  0.04854  0.04963  0.05051  0.05118  0.05166  0.05197  0.05211  0.05209  0.05192   0.0516  0.05114  0.05055  0.04982  0.04896  0.04798  0.04687  0.04564  0.04429  0.04282  0.04123  0.03953  0.03771  0.03577  0.03371  0.03152  0.02922  0.02679  0.02424  0.02157   0.0188  0.01596  0.01307  0.01017 0.007287 0.004427 0.001608  0.00145 0.001344 0.001251  0.00116 0.001069 0.0009786 0.000888 0.0007977 0.0007078 0.0006182 0.000529 0.0004402 0.0003517 0.0002635 0.0001756 8.774e-05        0 
       0 9.948e-05 0.0001989 0.0002984 0.0003978 0.0004971 0.0005962 0.000695 0.0007935 0.0008912 0.000988 0.001083 0.001176 0.001266 0.001351 0.001426 0.001485 0.001567  0.00168 0.001804 0.001931 0.002056 0.002176 0.002289 0.002395 0.002493 0.002582 0.002662 0.002733 0.002795 0.002848 0.002891 0.002926 0.002952  0.00297 0.002979 0.002979 0.002972 0.002957 0.002934 0.002904 0.002867 0.002823 0.002772 0.002715 0.002651 0.002582 0.002508 0.002429 0.002345 0.002257 0.002165  0.00207 0.001973 0.001875 0.001775 0.001676 0.001579 0.001484 0.001396 0.001315 0.001246 0.001194  0.00117 0.001193 0.001172 0.001116 0.001047 0.0009722 0.0008938 0.0008138 0.0007329 0.0006515 0.0005699 0.0004883 0.0004067 0.0003252 0.0002438 0.0001625 8.121e-05        0 
       0 9.154e-05 0.000183 0.0002745 0.0003658 0.000457 0.000548 0.0006386 0.0007286 0.000818 0.0009064 0.0009934 0.001079 0.001161 0.001241 0.001317 0.001391 0.001474 0.001569 0.001672 0.001779 0.001885 0.001988 0.002087  0.00218 0.002266 0.002345 0.002417 0.002481 0.002537 0.002585 0.002625 0.002657 0.002682 0.002698 0.002707 0.002709 0.002703  0.00269  0.00267 0.002643  0.00261 0.002571 0.002526 0.002475 0.002419 0.002357 0.002291  0.00222 0.002146 0.002068 0.001986 0.001902 0.001817  0.00173 0.001643 0.001557 0.001472 0.001391 0.001315 0.001246 0.001186 0.001138 0.001104 0.001082 0.001049 0.001001 0.0009437 0.0008797 0.0008116 0.000741 0.0006688 0.0005955 0.0005217 0.0004475 0.000373 0.0002985 0.0002239 0.0001493 7.463e-05        0 
       0 8.364e-05 0.0001672 0.0002508 0.0003341 0.0004173 0.0005003 0.0005828 0.0006649 0.0007462 0.0008267 0.0009061 0.0009842 0.001061 0.001136  0.00121 0.001284 0.001363 0.001448 0.001536 0.001627 0.001718 0.001807 0.001892 0.001974 0.002049  0.00212 0.002183  0.00224 0.002291 0.002334  0.00237   0.0024 0.002422 0.002438 0.002446 0.002448 0.002444 0.002433 0.002415 0.002392 0.002363 0.002329 0.002289 0.002243 0.002194 0.002139  0.00208 0.002018 0.001952 0.001883 0.001811 0.001737 0.001662 0.001586  0.00151 0.001435 0.001361 0.001291 0.001225 0.001164 0.001109 0.001062 0.001022 0.000986 0.0009467 0.0009011 0.0008495 0.000793 0.000733 0.0006704 0.000606 0.0005405 0.000474 0.000407 0.0003396 0.0002719 0.000204 0.0001361 6.804e-05        0 
       0 7.579e-05 0.0001515 0.0002272 0.0003027 0.0003781 0.0004531 0.0005278 0.000602 0.0006757 0.0007487 0.0008208 0.0008921 0.0009624 0.001032 0.001102 0.001172 0.001245  0.00132 0.001397 0.001475 0.001554  0.00163 0.001704 0.001775 0.001841 0.001903 0.001959  0.00201 0.002054 0.002093 0.002126 0.002152 0.002173 0.002187 0.002195 0.002197 0.002194 0.002184  0.00217 0.002149 0.002124 0.002094 0.002059 0.002019 0.001975 0.001927 0.001875  0.00182 0.001762 0.001701 0.001638 0.001574 0.001508 0.001442 0.001376  0.00131 0.001246 0.001185 0.001126 0.001072 0.001022 0.0009764 0.0009346 0.0008946 0.0008535 0.0008096 0.0007621 0.0007114 0.000658 0.0006024 0.0005451 0.0004866 0.0004272 0.0003671 0.0003064 0.0002455 0.0001843 0.0001229 6.15e-05        0 
       0 6.801e-05 0.000136 0.0002039 0.0002716 0.0003392 0.0004065 0.0004735 0.0005401 0.0006062 0.0006718 0.0007368 0.0008012 0.0008652 0.0009288 0.0009924 0.001057 0.001122 0.001189 0.001256 0.001324 0.001392 0.001458 0.001522 0.001583  0.00164 0.001694 0.001743 0.001788 0.001827 0.001861  0.00189 0.001914 0.001932 0.001945 0.001952 0.001955 0.001952 0.001944 0.001932 0.001914 0.001892 0.001866 0.001835   0.0018 0.001762  0.00172 0.001675 0.001627 0.001576 0.001523 0.001469 0.001412 0.001355 0.001298  0.00124 0.001183 0.001128 0.001074 0.001022 0.0009738 0.000928 0.0008851 0.0008443 0.0008046 0.0007645 0.000723 0.0006795 0.0006338 0.0005862 0.0005368 0.000486 0.0004341 0.0003813 0.0003278 0.0002738 0.0002195 0.0001648  0.00011 5.502e-05        0 
       0 6.029e-05 0.0001205 0.0001807 0.0002408 0.0003006 0.0003603 0.0004197 0.0004788 0.0005375 0.0005958 0.0006537 0.0007111 0.0007683 0.0008253 0.0008824 0.0009398 0.0009976 0.001056 0.001115 0.001173 0.001231 0.001288 0.001343 0.001396 0.001445 0.001492 0.001534 0.001573 0.001607 0.001637 0.001662 0.001683 0.001699 0.001711 0.001717  0.00172 0.001718 0.001711   0.0017 0.001685 0.001667 0.001644 0.001617 0.001587 0.001554 0.001518 0.001479 0.001437 0.001394 0.001348 0.001301 0.001252 0.001203 0.001153 0.001104 0.001055 0.001006 0.0009597 0.0009145 0.0008713 0.0008301 0.0007906 0.0007526 0.0007152 0.0006777 0.0006394 0.0005999 0.0005591 0.0005168 0.0004732 0.0004285 0.0003829 0.0003364 0.0002894 0.0002418 0.0001938 0.0001456 9.718e-05 4.862e-05        0 
       0 5.263e-05 0.0001052 0.0001578 0.0002102 0.0002624 0.0003145 0.0003664 0.000418 0.0004693 0.0005203 0.0005711 0.0006215 0.0006717 0.0007218 0.0007719 0.0008221 0.0008725 0.000923 0.0009735 0.001024 0.001073 0.001121 0.001168 0.001213 0.001255 0.001294 0.001331 0.001364 0.001393 0.001419 0.001441 0.001459 0.001473 0.001483 0.001489 0.001491  0.00149 0.001484 0.001475 0.001463 0.001446 0.001427 0.001405 0.001379 0.001351  0.00132 0.001286 0.001251 0.001214 0.001175 0.001134 0.001093 0.001051 0.001009 0.0009666 0.0009246 0.0008833 0.000843 0.0008039 0.0007661 0.0007296 0.0006943 0.0006598 0.0006259 0.0005919 0.0005575 0.0005224 0.0004863 0.0004493 0.0004113 0.0003725 0.0003328 0.0002925 0.0002516 0.0002103 0.0001686 0.0001267 8.456e-05 4.231e-05        0 
       0 4.502e-05 9.001e-05 0.0001349 0.0001798 0.0002245 0.0002691 0.0003135 0.0003576 0.0004016 0.0004454 0.0004889 0.0005322 0.0005753 0.0006184 0.0006613 0.0007043 0.0007472 0.0007901 0.0008327 0.0008749 0.0009164 0.0009568 0.0009959 0.001033 0.001069 0.001102 0.001132  0.00116 0.001185 0.001206 0.001225  0.00124 0.001252 0.001261 0.001266 0.001268 0.001267 0.001263 0.001255 0.001245 0.001231 0.001215 0.001196 0.001175 0.001151 0.001125 0.001097 0.001067 0.001036 0.001004 0.0009698 0.0009352   0.0009 0.0008645 0.000829 0.0007937 0.0007589 0.0007247 0.0006913 0.0006589 0.0006273 0.0005966 0.0005664 0.0005366 0.0005068 0.0004767 0.0004462 0.000415 0.0003832 0.0003507 0.0003175 0.0002837 0.0002493 0.0002145 0.0001793 0.0001438 0.000108 7.212e-05 3.609e-05        0 
       0 3.745e-05 7.488e-05 0.0001123 0.0001496 0.0001868 0.0002239 0.0002608 0.0002976 0.0003342 0.0003707 0.000407 0.0004431 0.0004791 0.000515 0.0005508 0.0005865 0.000622 0.0006574 0.0006926 0.0007272 0.0007612 0.0007943 0.0008262 0.0008568 0.0008857 0.0009127 0.0009377 0.0009604 0.0009807 0.0009986 0.001014 0.001026 0.001036 0.001044 0.001048  0.00105 0.001049 0.001045 0.001039 0.001031  0.00102 0.001007 0.0009914 0.0009739 0.0009545 0.0009333 0.0009105 0.0008862 0.0008606 0.0008339 0.0008063 0.000778 0.0007492 0.0007202 0.0006911 0.0006621 0.0006334 0.0006052 0.0005775 0.0005505 0.000524 0.0004981 0.0004725 0.0004472 0.000422 0.0003966 0.0003709 0.0003447 0.0003181 0.000291 0.0002634 0.0002353 0.0002068 0.0001779 0.0001487 0.0001193 8.964e-05 5.984e-05 2.994e-05        0 
       0 2.992e-05 5.982e-05 8.969e-05 0.0001195 0.0001492 0.0001789 0.0002084 0.0002378 0.0002671 0.0002963 0.0003253 0.0003542 0.000383 0.0004117 0.0004403 0.0004688 0.0004971 0.0005253 0.0005531 0.0005805 0.0006073 0.0006334 0.0006586 0.0006826 0.0007054 0.0007267 0.0007464 0.0007643 0.0007804 0.0007945 0.0008066 0.0008166 0.0008245 0.0008303 0.0008339 0.0008353 0.0008347 0.000832 0.0008273 0.0008206 0.0008121 0.0008017 0.0007896 0.0007758 0.0007606 0.0007439 0.0007259 0.0007067 0.0006866 0.0006656 0.0006438 0.0006215 0.0005989 0.0005759 0.0005529  0.00053 0.0005073 0.0004849 0.0004628 0.0004411 0.0004199 0.000399 0.0003783 0.0003579 0.0003374 0.0003169 0.0002961 0.0002751 0.0002538 0.0002321  0.00021 0.0001876 0.0001648 0.0001418 0.0001186 9.508e-05 7.145e-05 4.77e-05 2.387e-05        0 
       0 2.242e-05 4.482e-05 6.72e-05 8.953e-05 0.0001118 0.000134 0.0001562 0.0001782 0.0002002 0.0002221 0.0002438 0.0002655 0.0002871 0.0003086  0.00033 0.0003513 0.0003725 0.0003935 0.0004142 0.0004346 0.0004545 0.0004739 0.0004925 0.0005104 0.0005272 0.000543 0.0005576 0.0005709 0.0005829 0.0005934 0.0006024 0.0006098 0.0006157  0.00062 0.0006227 0.0006239 0.0006235 0.0006215 0.000618 0.0006131 0.0006068 0.0005991 0.0005901  0.00058 0.0005687 0.0005563 0.000543 0.0005288 0.0005139 0.0004983 0.0004822 0.0004656 0.0004488 0.0004318 0.0004147 0.0003977 0.0003808 0.000364 0.0003475 0.0003313 0.0003153 0.0002995 0.0002839 0.0002684 0.000253 0.0002374 0.0002218 0.000206 0.0001899 0.0001736 0.0001571 0.0001403 0.0001233 0.0001061 8.866e-05 7.111e-05 5.344e-05 3.567e-05 1.785e-05        0 
       0 1.493e-05 2.986e-05 4.476e-05 5.964e-05 7.449e-05 8.929e-05 0.000104 0.0001187 0.0001334 0.000148 0.0001625 0.0001769 0.0001913 0.0002057 0.0002199 0.0002341 0.0002482 0.0002621 0.0002759 0.0002894 0.0003026 0.0003154 0.0003277 0.0003395 0.0003506 0.0003611 0.0003707 0.0003795 0.0003874 0.0003944 0.0004004 0.0004053 0.0004092 0.0004121 0.0004139 0.0004147 0.0004144 0.0004131 0.0004109 0.0004076 0.0004035 0.0003984 0.0003925 0.0003857 0.0003783 0.0003701 0.0003613 0.0003519 0.0003421 0.0003318 0.0003211 0.0003102 0.0002991 0.0002878 0.0002765 0.0002652 0.000254 0.0002428 0.0002319 0.000221 0.0002103 0.0001998 0.0001894 0.000179 0.0001686 0.0001582 0.0001477 0.0001372 0.0001264 0.0001156 0.0001045 9.336e-05 8.203e-05 7.057e-05 5.899e-05 4.731e-05 3.555e-05 2.373e-05 1.188e-05        0 
       0 7.464e-06 1.492e-05 2.237e-05 2.981e-05 3.723e-05 4.463e-05  5.2e-05 5.935e-05 6.667e-05 7.396e-05 8.122e-05 8.844e-05 9.564e-05 0.0001028 0.0001099 0.000117 0.000124 0.000131 0.0001378 0.0001446 0.0001511 0.0001575 0.0001636 0.0001695 0.0001751 0.0001803 0.0001851 0.0001894 0.0001934 0.0001968 0.0001998 0.0002023 0.0002042 0.0002057 0.0002066 0.000207 0.0002068 0.0002062 0.0002051 0.0002035 0.0002014 0.0001989 0.0001959 0.0001926 0.0001889 0.0001848 0.0001804 0.0001758 0.0001709 0.0001658 0.0001605 0.000155 0.0001495 0.0001439 0.0001383 0.0001326 0.000127 0.0001215 0.000116 0.0001106 0.0001052 9.993e-05 9.47e-05 8.949e-05 8.429e-05 7.908e-05 7.383e-05 6.853e-05 6.317e-05 5.773e-05 5.222e-05 4.663e-05 4.097e-05 3.524e-05 2.946e-05 2.363e-05 1.775e-05 1.185e-05 5.931e-06        0 
       0        0        0        0        0        0        0        0        0        0        0        0        0        0        0        0        0        0        0        0        0        0        0        0        0        0        0        0        0        0        0        0        0        0        0        0        0        0        0        0        0        0        0        0        0        0        0        0        0        0        0        0        0        0        0        0        0        0        0        0        0        0        0        0        0        0        0        0        0        0        0        0        0        0        0        0        0        0        0        0        0 
