Total iteration: 11764
Time elapsed: 1.82692s
num_cores = 4
Solution:
       0        0        0        0        0        0        0        0        0        0        0        0        0        0        0        0        0        0        0        0        0        0        0        0        0        0        0        0        0        0        0        0        0        0        0        0        0        0        0        0        0 
       0 7.619e-05 0.0001526 0.0002296 0.0003072 0.0003855 0.0004643 0.0005429 0.0006202 0.0006943 0.0007632 0.0008247 0.0008774 0.0009203 0.0009531 0.0009759 0.0009892 0.0009936 0.0009899 0.0009788 0.0009611 0.0009375 0.0009088 0.0008755 0.0008383 0.0007977 0.0007541 0.000708 0.0006598 0.0006097 0.0005581 0.0005052 0.0004513 0.0003965 0.000341 0.0002849 0.0002284 0.0001716 0.0001145 5.73e-05        0 
       0 0.000152 0.0003045 0.0004582 0.0006133 0.0007703 0.0009288 0.001088 0.001245 0.001396 0.001537 0.001662 0.001769 0.001855 0.001921 0.001966 0.001991 0.001999  0.00199 0.001967 0.001931 0.001882 0.001824 0.001757 0.001682   0.0016 0.001512 0.001419 0.001322 0.001222 0.001118 0.001012 0.0009039 0.000794 0.0006828 0.0005705 0.0004573 0.0003435 0.0002293 0.0001147        0 
       0 0.000227 0.0004549 0.0006846 0.0009169 0.001153 0.001393 0.001635 0.001878 0.002114 0.002333 0.002526  0.00269  0.00282 0.002917 0.002983 0.003019 0.003028 0.003012 0.002974 0.002917 0.002842 0.002752 0.002649 0.002535  0.00241 0.002277 0.002136  0.00199 0.001838 0.001682 0.001522 0.001359 0.001194 0.001026 0.0008573 0.0006872 0.0005161 0.0003444 0.0001723        0 
       0 0.0003008 0.0006028 0.0009071 0.001215  0.00153 0.001852 0.002183 0.002521 0.002855 0.003165 0.003435 0.003658 0.003832  0.00396 0.004043 0.004086 0.004092 0.004066  0.00401 0.003928 0.003824   0.0037 0.003558 0.003402 0.003233 0.003052 0.002863 0.002665 0.002461 0.002251 0.002036 0.001817 0.001596 0.001372 0.001146 0.0009183 0.0006897 0.0004602 0.0002302        0 
       0 0.000373 0.0007472 0.001124 0.001505 0.001895 0.002298 0.002721  0.00317 0.003633 0.004054  0.00441 0.004695 0.004912 0.005066 0.005162 0.005206 0.005204 0.005161 0.005083 0.004972 0.004834 0.004672 0.004489 0.004288 0.004071 0.003841   0.0036  0.00335 0.003091 0.002826 0.002555  0.00228 0.002002  0.00172 0.001437 0.001151 0.0008644 0.0005768 0.0002885        0 
       0 0.0004436 0.0008879 0.001334 0.001783 0.002241 0.002716 0.003224 0.003796 0.004471 0.005038 0.005487 0.005832 0.006084 0.006255 0.006355 0.006392 0.006375 0.006309 0.006201 0.006056 0.005879 0.005674 0.005446 0.005196 0.004929 0.004647 0.004352 0.004046 0.003731 0.003409 0.003082 0.002749 0.002412 0.002072  0.00173 0.001386  0.00104 0.0006941 0.0003472        0 
       0 0.0005134 0.001026 0.001538  0.00205 0.002563 0.003085 0.003634 0.004276 0.005463  0.00619 0.006716 0.007101 0.007372 0.007547 0.007638 0.007658 0.007615 0.007517 0.007372 0.007186 0.006964 0.006711 0.006432  0.00613 0.005808  0.00547 0.005118 0.004755 0.004382 0.004002 0.003615 0.003223 0.002826 0.002427 0.002026 0.001622 0.001218 0.0008124 0.0004063        0 
       0 0.0005838 0.001166 0.001743 0.002314 0.002873 0.003413 0.003912  0.00431 0.007016 0.007631  0.00815 0.008534 0.008799 0.008958 0.009025 0.009014 0.008934 0.008794 0.008603 0.008368 0.008094 0.007787 0.007451 0.007092 0.006711 0.006314 0.005902 0.005478 0.005044 0.004603 0.004155 0.003702 0.003246 0.002786 0.002324 0.001861 0.001397 0.0009314 0.0004658        0 
       0 0.0006572 0.001311 0.001959 0.002595 0.003212   0.0038 0.004338 0.004795  0.01466 0.009304 0.009776  0.01014  0.01038   0.0105  0.01053  0.01047  0.01034  0.01014 0.009898 0.009605 0.009271 0.008903 0.008505 0.008083 0.007639 0.007178 0.006703 0.006215 0.005718 0.005213 0.004703 0.004187 0.003669 0.003148 0.002625 0.002101 0.001576 0.001051 0.0005256        0 
       0 0.0007349 0.001466  0.00219 0.002902 0.003594 0.004257  0.00488 0.005449  0.02171  0.02311   0.0116  0.01194  0.01212  0.01218  0.01215  0.01203  0.01183  0.01157  0.01126   0.0109   0.0105  0.01006 0.009596 0.009105 0.008593 0.008064 0.007521 0.006966 0.006403 0.005832 0.005257 0.004678 0.004096 0.003512 0.002928 0.002342 0.001757 0.001171 0.0005856        0 
       0 0.0008178 0.001632  0.00244 0.003237 0.004017 0.004773 0.005498 0.006182  0.02767  0.03298  0.02054  0.01394  0.01403  0.01401  0.01389  0.01369  0.01342  0.01308  0.01269  0.01225  0.01178  0.01126  0.01072  0.01016 0.009571  0.00897 0.008355  0.00773 0.007097 0.006459 0.005816 0.005171 0.004525 0.003878 0.003231 0.002584 0.001937 0.001291 0.0006456        0 
       0 0.0009053 0.001808 0.002706 0.003596 0.004473 0.005335 0.006174 0.006986  0.03445   0.0459  0.04091  0.01953  0.01611  0.01598  0.01576  0.01546  0.01509  0.01467  0.01419  0.01366   0.0131  0.01251  0.01188  0.01124  0.01057 0.009894 0.009204 0.008505   0.0078 0.007091  0.00638 0.005668 0.004955 0.004244 0.003534 0.002825 0.002118 0.001411 0.0007053        0 
       0 0.0009962 0.001991 0.002984 0.003972 0.004954 0.005928  0.00689 0.007839   0.0418  0.06001   0.0624  0.04913  0.02056  0.01807  0.01774  0.01733  0.01686  0.01633  0.01575  0.01513  0.01448  0.01379  0.01308  0.01235   0.0116  0.01084  0.01007 0.009289 0.008508 0.007726 0.006944 0.006164 0.005385 0.004609 0.003835 0.003064 0.002296  0.00153 0.0007644        0 
       0 0.001089 0.002178 0.003267 0.004357 0.005447 0.006537 0.007627 0.008717  0.04934  0.07439  0.08397  0.07824  0.05748   0.0219  0.01982  0.01929   0.0187  0.01806  0.01737  0.01665  0.01589  0.01511   0.0143  0.01348  0.01264  0.01179  0.01094  0.01008 0.009219 0.008362 0.007507 0.006657 0.005811 0.004969 0.004133   0.0033 0.002472 0.001646 0.0008226        0 
       0 0.001181 0.002364  0.00355 0.004742  0.00594 0.007147 0.008364 0.009594   0.0568  0.08857   0.1051   0.1065  0.09322  0.06536   0.0232  0.02134  0.02062  0.01986  0.01905  0.01822  0.01735  0.01646  0.01555  0.01463  0.01369  0.01275  0.01181  0.01087 0.009928 0.008993 0.008065 0.007143  0.00623 0.005323 0.004424 0.003531 0.002643  0.00176 0.0008792        0 
       0 0.001271 0.002545 0.003826 0.005117 0.006421 0.007741 0.009082  0.01045  0.06402   0.1022   0.1254   0.1337   0.1274   0.1069  0.07246  0.02432  0.02261  0.02171  0.02078  0.01982  0.01884  0.01784  0.01683   0.0158  0.01476  0.01372  0.01268  0.01165  0.01063 0.009615 0.008612 0.007619 0.006638 0.005667 0.004706 0.003754 0.002809  0.00187 0.0009338        0 
       0 0.001356 0.002717 0.004088 0.005473 0.006877 0.008306 0.009765  0.01126  0.07085   0.1152   0.1445   0.1593   0.1597   0.1461    0.119  0.07853  0.02522   0.0236  0.02254  0.02146  0.02037  0.01925  0.01812  0.01697  0.01583  0.01469  0.01355  0.01243  0.01132  0.01022 0.009143 0.008079 0.007031 0.005997 0.004976 0.003967 0.002967 0.001974 0.0009856        0 
       0 0.001435 0.002876 0.004329 0.005801 0.007299 0.008828   0.0104  0.01201  0.07719   0.1272   0.1623    0.183   0.1896   0.1825   0.1621   0.1288  0.08322  0.02585  0.02432  0.02313  0.02192  0.02068  0.01942  0.01816  0.01689  0.01564   0.0144  0.01318  0.01198  0.01081 0.009651 0.008517 0.007403 0.006308  0.00523 0.004166 0.003114 0.002071 0.001034        0 
       0 0.001504 0.003016 0.004543 0.006093 0.007674 0.009294  0.01096  0.01268  0.08295   0.1381   0.1785   0.2046   0.2168   0.2155   0.2013   0.1744   0.1357  0.08587  0.02623  0.02483  0.02351  0.02213  0.02074  0.01934  0.01795  0.01657  0.01523  0.01391  0.01262  0.01136  0.01013 0.008926 0.007749 0.006595 0.005463 0.004348 0.003248 0.002159 0.001078        0 
       0 0.001563 0.003134 0.004724  0.00634 0.007993 0.009692  0.01145  0.01327  0.08803   0.1477   0.1928   0.2237    0.241   0.2449   0.2361   0.2148   0.1817   0.1375  0.08403  0.02663  0.02517  0.02362  0.02206   0.0205  0.01897  0.01747  0.01601  0.01459  0.01321  0.01187  0.01057 0.009297  0.00806 0.006853  0.00567  0.00451 0.003367 0.002237 0.001116        0 
       0 0.001608 0.003227 0.004866 0.006535 0.008246  0.01001  0.01184  0.01374  0.09236    0.156   0.2051   0.2402   0.2619   0.2705   0.2664   0.2499   0.2212   0.1801    0.125  0.05029  0.02697  0.02514  0.02336  0.02163  0.01995  0.01832  0.01674  0.01522  0.01375  0.01233  0.01095 0.009622  0.00833 0.007073 0.005847 0.004646 0.003466 0.002302 0.001148        0 
       0 0.001639  0.00329 0.004963 0.006671 0.008424  0.01024  0.01212  0.01408  0.09583   0.1626   0.2151   0.2538   0.2792   0.2918   0.2921   0.2802   0.2564   0.2204   0.1718   0.1099  0.03669  0.02659  0.02459  0.02268  0.02085  0.01909   0.0174  0.01577  0.01421  0.01272  0.01128  0.00989 0.008549  0.00725 0.005986 0.004752 0.003543 0.002352 0.001173        0 
       0 0.001654 0.003321 0.005012  0.00674 0.008519  0.01036  0.01228  0.01429  0.09834   0.1676   0.2226   0.2641   0.2926   0.3087   0.3128   0.3054   0.2865   0.2565   0.2154   0.1635   0.1019  0.03212  0.02571  0.02362  0.02164  0.01975  0.01795  0.01623  0.01459  0.01303  0.01153  0.01009 0.008708 0.007374 0.006082 0.004824 0.003594 0.002384 0.001189        0 
       0 0.001652 0.003316 0.005007 0.006737 0.008522  0.01037  0.01231  0.01435  0.09977   0.1705   0.2272   0.2707   0.3016   0.3205    0.328   0.3245   0.3105   0.2862   0.2521   0.2086   0.1564  0.09638  0.02919  0.02443   0.0223  0.02029  0.01839  0.01658  0.01486  0.01324  0.01169  0.01021 0.008798  0.00744 0.006128 0.004856 0.003615 0.002397 0.001195        0 
       0  0.00163 0.003274 0.004945 0.006657 0.008425  0.01027   0.0122  0.01424  0.09995   0.1711   0.2285    0.273   0.3054   0.3264   0.3367   0.3367   0.3269   0.3078   0.2799   0.2437   0.1997   0.1485   0.0907  0.02662  0.02281  0.02068  0.01868  0.01679  0.01501  0.01334  0.01175  0.01024 0.008808 0.007437 0.006118 0.004843 0.003603 0.002388  0.00119        0 
       0  0.00159 0.003193 0.004824 0.006496 0.008225  0.01003  0.01193  0.01394  0.09868    0.169   0.2259   0.2704   0.3034   0.3256   0.3378   0.3405   0.3344   0.3199   0.2975   0.2677    0.231   0.1878   0.1387  0.08402  0.02406  0.02089   0.0188  0.01685  0.01502   0.0133  0.01169  0.01017 0.008729 0.007358 0.006045 0.004781 0.003553 0.002354 0.001172        0 
       0  0.00153 0.003073 0.004643 0.006252 0.007917 0.009657  0.01149  0.01344  0.09573   0.1638   0.2189   0.2621   0.2945   0.3169   0.3301   0.3348   0.3316   0.3209   0.3033   0.2792   0.2491   0.2134   0.1724   0.1265  0.07608  0.02142  0.01873  0.01672  0.01486  0.01312   0.0115 0.009981  0.00855 0.007195 0.005904 0.004664 0.003464 0.002294 0.001142        0 
       0 0.001452 0.002916 0.004403 0.005927 0.007503 0.009148  0.01089  0.01274  0.09078   0.1549   0.2066   0.2471   0.2777   0.2992   0.3125   0.3183   0.3172   0.3096   0.2962   0.2772    0.253   0.2241   0.1907   0.1531   0.1117  0.06681   0.0187  0.01639  0.01452  0.01278  0.01117 0.009664  0.00826  0.00694 0.005688  0.00449 0.003333 0.002206 0.001098        0 
       0 0.001358 0.002725 0.004112 0.005529 0.006989 0.008509  0.01011  0.01182  0.08341   0.1415   0.1879   0.2241   0.2515   0.2709   0.2833   0.2894   0.2897   0.2846   0.2746   0.2601   0.2414   0.2188   0.1925   0.1628     0.13  0.09433  0.05615  0.01591  0.01397  0.01226  0.01067 0.009206 0.007851 0.006587 0.005395 0.004256 0.003159 0.002091 0.001041        0 
       0 0.001249 0.002506 0.003776 0.005067 0.006389 0.007753 0.009175  0.01068  0.07301   0.1225   0.1615   0.1916   0.2142   0.2305    0.241   0.2465   0.2475   0.2443   0.2373   0.2268   0.2131   0.1963   0.1767   0.1545   0.1299    0.103  0.07406  0.04357  0.01323  0.01154 0.009993  0.00859 0.007313 0.006132 0.005022 0.003964 0.002943 0.001949 0.0009703        0 
       0 0.001131 0.002267 0.003409 0.004563  0.00573 0.006912 0.008115 0.009354  0.05861  0.09631   0.1253   0.1474   0.1639   0.1758   0.1836   0.1878   0.1889   0.1871   0.1826   0.1758   0.1667   0.1555   0.1423   0.1274   0.1107  0.09216   0.0717  0.04852  0.02008  0.01064 0.009106 0.007793 0.006636 0.005575 0.004576 0.003618  0.00269 0.001783 0.0008883        0 
       0 0.001008 0.002017 0.003027 0.004039 0.005048 0.006042 0.007002 0.007899  0.03839  0.06021  0.07648  0.08874  0.09788   0.1045   0.1088   0.1113    0.112   0.1112    0.109   0.1055   0.1008    0.095  0.08814  0.08029  0.07148  0.06168  0.05078  0.03855   0.0248  0.01091 0.007906 0.006772 0.005819 0.004928 0.004069  0.00323 0.002408 0.001599 0.0007972        0 
       0 0.0008819 0.001764 0.002644 0.003521 0.004386 0.005221 0.005981 0.006544 0.008138  0.00965    0.011  0.01215  0.01311  0.01386  0.01442  0.01479  0.01498    0.015  0.01486  0.01456  0.01413  0.01357  0.01289  0.01211  0.01123  0.01029 0.009288 0.008255 0.007238 0.006357 0.005932 0.005491 0.004914 0.004237 0.003531 0.002818 0.002108 0.001402 0.0007002        0 
       0 0.0007563 0.001512 0.002267 0.003019 0.003767 0.004507 0.005245 0.006025 0.007057 0.008135 0.009153  0.01006  0.01083  0.01146  0.01193  0.01225  0.01242  0.01246  0.01236  0.01213  0.01179  0.01134   0.0108  0.01017 0.009477 0.008726 0.007941 0.007148 0.006385 0.005711 0.005177 0.004679 0.004153 0.003588 0.003001 0.002404 0.001802 0.001201 0.0006002        0 
       0 0.0006312 0.001262 0.001894 0.002525 0.003158 0.003796 0.004449 0.005142 0.005912 0.006705 0.007469 0.008165 0.008769 0.009266 0.009649 0.009916  0.01007  0.01011  0.01004 0.009869 0.009605 0.009257 0.008832 0.008342 0.007797 0.007213 0.006606 0.005995 0.005406 0.004861 0.004372 0.003909 0.003447 0.002972 0.002487 0.001994 0.001497 0.0009985 0.0004993        0 
       0 0.0005061 0.001013  0.00152 0.002029 0.002542 0.003062 0.003596 0.004151 0.004731 0.005317 0.005882 0.006402 0.006859  0.00724 0.007538 0.007748 0.007872 0.007909 0.007864  0.00774 0.007544 0.007281 0.006959 0.006588 0.006176 0.005734 0.005275 0.004813 0.004362 0.003932 0.003528  0.00314 0.002757 0.002372 0.001983  0.00159 0.001194 0.0007969 0.0003986        0 
       0 0.0003805 0.0007615 0.001144 0.001528 0.001916 0.002309 0.002711 0.003123 0.003542  0.00396 0.004361 0.004731 0.005059 0.005334 0.005552 0.005707 0.005801 0.005832 0.005803 0.005716 0.005577 0.005389 0.005159 0.004892 0.004596 0.004279 0.003949 0.003616 0.003286 0.002967  0.00266 0.002363  0.00207 0.001778 0.001485  0.00119 0.0008939 0.0005965 0.0002984        0 
       0 0.0002542 0.0005088 0.0007644 0.001022 0.001281 0.001544 0.001812 0.002083 0.002357 0.002626 0.002884 0.003122 0.003334 0.003512 0.003654 0.003757 0.003819 0.003841 0.003824 0.003769  0.00368  0.00356 0.003411 0.003239 0.003047 0.002842 0.002629 0.002412 0.002196 0.001985 0.001779 0.001579 0.001381 0.001185 0.0009893 0.0007926 0.0005952 0.0003972 0.0001987        0 
       0 0.0001273 0.0002548 0.0003828 0.0005117 0.0006418 0.0007735 0.0009069 0.001042 0.001176 0.001309 0.001435 0.001552 0.001655 0.001743 0.001813 0.001864 0.001895 0.001907 0.001899 0.001872 0.001829  0.00177 0.001697 0.001613 0.001519 0.001418 0.001313 0.001206 0.001099 0.000994 0.0008912 0.0007905 0.0006913 0.0005928 0.0004945 0.0003961 0.0002974 0.0001984 9.927e-05        0 
       0        0        0        0        0        0        0        0        0        0        0        0        0        0        0        0        0        0        0        0        0        0        0        0        0        0        0        0        0        0        0        0        0        0        0        0        0        0        0        0        0 
