Total iteration: 244
Time elapsed: 4ms
Solution: 
       0        0        0        0        0        0        0        0        0        0        0 
       0  0.02022  0.03835  0.05061  0.05432  0.05144  0.04426  0.03456  0.02353  0.01188        0 
       0  0.04346  0.08515   0.1135   0.1181   0.1091  0.09214  0.07103  0.04794  0.02408        0 
       0  0.06927   0.1399   0.2151   0.2017    0.178   0.1461   0.1103  0.07347  0.03662        0 
       0   0.0931   0.1916   0.3613   0.3108   0.2589   0.2054   0.1513  0.09898  0.04882        0 
       0   0.1092   0.2272   0.4644   0.4966   0.3477   0.2654   0.1897   0.1214  0.05909        0 
       0   0.1125   0.2365   0.5028   0.5834   0.5065   0.3161   0.2174   0.1352  0.06473        0 
       0  0.09932   0.2102   0.4485   0.5369   0.5105   0.3872   0.2213   0.1322   0.0621        0 
       0  0.06949   0.1417   0.2498   0.2959   0.2942   0.2537   0.1832   0.1016  0.04803        0 
       0  0.03566  0.07261    0.112   0.1333   0.1344   0.1177  0.08838  0.05456  0.02594        0 
       0        0        0        0        0        0        0        0        0        0        0 
