Total iteration: 1454
Time elapsed: 83ms
Solution: 
       0        0        0        0        0        0        0        0        0        0        0        0        0        0        0        0        0        0        0        0        0 
       0 0.001252 0.002497 0.003728 0.004921 0.006019 0.006882 0.007449 0.007718 0.007722 0.007504 0.007106 0.006567 0.005918 0.005187 0.004395 0.003559 0.002692 0.001805 0.0009053        0 
       0 0.002511 0.005016  0.00751  0.00998  0.01237  0.01419  0.01533  0.01582  0.01577  0.01527  0.01442  0.01329  0.01195  0.01046 0.008852 0.007161 0.005413 0.003627 0.001819        0 
       0  0.00378 0.007552  0.01132  0.01515  0.01956  0.02249  0.02412   0.0247  0.02445  0.02354  0.02212  0.02032  0.01822   0.0159  0.01343  0.01085 0.008189 0.005482 0.002748        0 
       0 0.005061  0.01009  0.01506  0.02006  0.02886  0.03266  0.03444  0.03479  0.03408  0.03254  0.03039  0.02776  0.02479  0.02157  0.01817  0.01464  0.01103 0.007379 0.003696        0 
       0 0.006392   0.0127  0.01877  0.02428  0.04505  0.04574  0.04682  0.04643  0.04488  0.04244  0.03933  0.03572  0.03173  0.02749  0.02308  0.01855  0.01395 0.009315 0.004661        0 
       0 0.007846  0.01564   0.0233  0.03069  0.07891  0.06461  0.06135  0.05972  0.05695  0.05331    0.049   0.0442  0.03905  0.03367  0.02815  0.02255  0.01692  0.01128 0.005638        0 
       0 0.009374  0.01877  0.02822  0.03773   0.1128   0.1267  0.08082  0.07465  0.07029  0.06513  0.05937  0.05318   0.0467  0.04005  0.03334  0.02661  0.01991  0.01324  0.00661        0 
       0  0.01086  0.02184  0.03305   0.0446   0.1448    0.185   0.1671  0.09317  0.08477  0.07782  0.07036  0.06257  0.05458  0.04654  0.03854  0.03063  0.02284  0.01515 0.007554        0 
       0  0.01219  0.02458  0.03737  0.05075   0.1733   0.2369   0.2441   0.1978   0.1011  0.09124  0.08186  0.07223  0.06255  0.05298  0.04361  0.03449  0.02561  0.01694 0.008431        0 
       0  0.01324  0.02675  0.04081  0.05571   0.1968   0.2798   0.3081   0.2851   0.2151   0.1053   0.0937  0.08196  0.07037  0.05913  0.04833  0.03799  0.02808  0.01851 0.009192        0 
       0   0.0139  0.02813  0.04306  0.05904   0.2139   0.3116    0.356   0.3503   0.2962   0.1925   0.1058  0.09146  0.07769  0.06464  0.05238  0.04088  0.03004  0.01973 0.009771        0 
       0  0.01406  0.02852   0.0438  0.06033   0.2232   0.3303   0.3863   0.3949    0.359   0.2798    0.158   0.1002  0.08396  0.06902  0.05535  0.04282  0.03125  0.02042  0.01009        0 
       0  0.01365  0.02773  0.04273  0.05916   0.2227   0.3326   0.3946   0.4139   0.3941   0.3383    0.249   0.1302  0.08831  0.07158  0.05668  0.04338   0.0314   0.0204  0.01004        0 
       0   0.0126  0.02564  0.03959  0.05506   0.2097   0.3136   0.3747   0.3991   0.3913   0.3548   0.2926   0.2076   0.1027  0.07151  0.05571  0.04204  0.03013  0.01945 0.009541        0 
       0  0.01094  0.02222  0.03426  0.04766   0.1797   0.2663   0.3177   0.3408   0.3399   0.3184   0.2789   0.2236   0.1547  0.07431  0.05164   0.0382  0.02707  0.01739 0.008514        0 
       0 0.008784  0.01771  0.02696  0.03683   0.1252   0.1797   0.2117   0.2268   0.2282   0.2181    0.198   0.1693   0.1334  0.09174  0.04587  0.03101  0.02193  0.01417 0.006969        0 
       0 0.006419  0.01275  0.01876  0.02365  0.02946  0.03538  0.03992  0.04258  0.04328  0.04214  0.03937  0.03532  0.03041  0.02524  0.02075  0.01855   0.0149  0.01013 0.005092        0 
       0 0.004177 0.008269  0.01216  0.01575  0.01935  0.02273   0.0254  0.02704  0.02754  0.02693  0.02533  0.02296   0.0201  0.01709  0.01433  0.01205 0.009477 0.006495  0.00329        0 
       0 0.002057 0.004072    0.006 0.007817 0.009555  0.01113  0.01237  0.01314   0.0134  0.01313   0.0124  0.01131  0.00999 0.008585 0.007233 0.005974 0.004642 0.003176 0.001611        0 
       0        0        0        0        0        0        0        0        0        0        0        0        0        0        0        0        0        0        0        0        0 
